9.43609;-0.844118
4.18025;6.85698
10.6673;8.59995
11.7348;5.96705
17.9811;13.9766
5.77752;1.67446
1.29168;12.2969
-1.9186;16.7634
3.5085;1.6953
0.852419;17.1125
13.2806;12.0984
0.984461;5.24309
3.55107;8.71771
0.397734;4.11764
4.41098;-1.37763
5.75596;15.8471
-0.221744;11.9362
4.70405;12.4455
2.53616;-1.56111
0.41259;2.51725
14.4155;8.19011
6.19171;17.7072
2.48698;6.2731
16.4706;7.99547
9.9684;-0.676962
7.10795;5.24904
13.4214;10.0924
12.4921;-1.02748
0.81012;14.8899
5.09016;7.2211
15.5122;12.8461
5.06817;17.2905
6.78233;11.7722
11.736;11.3185
12.2111;14.1486
15.8357;8.62663
4.33874;4.02744
8.33384;8.82572
12.3005;6.80446
-1.17881;4.26894
8.1275;7.92915
11.518;3.54895
0.0215601;6.01011
4.52147;2.83168
2.89997;11.6116
12.0528;0.412208
6.45775;-0.879051
-0.297298;15.2401
12.8932;13.4387
8.55857;7.10427
9.58737;6.39431
17.7309;15.9261
12.4218;8.06474
6.75183;6.72229
16.8692;7.57302
12.9912;6.9967
17.5022;6.50921
12.5456;-0.47627
14.5193;-0.932883
4.35541;-0.580708
12.6787;-1.59181
1.8315;1.1365
-0.470861;3.5342
-1.62342;14.4223
-1.02706;8.93516
3.52658;10.5603
17.3295;3.25748
8.48642;11.7512
13.3222;17.2382
0.47351;12.1914
6.81127;15.4647
1.18813;6.31344
3.97396;15.7338
7.83717;0.493281
16.8009;14.1926
1.91257;11.4796
14.6008;5.74407
14.6161;16.1299
11.2783;14.9927
12.5522;12.2512
5.92788;-1.9212
4.81153;5.25735
3.33627;15.2979
-0.991435;-1.3415
14.5362;1.48208
12.8499;3.34747
-1.05318;16.038
11.6609;4.92078
13.7718;1.49809
7.41406;12.5727
17.6907;11.3266
6.05237;14.2914
-0.929292;2.6685
12.4214;12.349
-0.338773;6.97358
6.6002;7.58911
7.05238;13.4117
14.8465;12.3887
10.7097;15.855
13.0471;7.24587
-0.662904;7.89707
12.5933;0.283917
5.93512;6.25426
7.2047;1.70695
9.75235;16.6188
16.2797;9.44302
9.94539;4.33204
5.73447;11.0161
9.00054;0.155832
5.36508;10.6618
9.12941;13.9653
0.250876;-1.81821
9.37702;17.0973
12.5704;2.08669
14.9524;7.61759
11.3326;16.2894
17.5147;5.92591
-1.42664;5.44978
14.1802;7.77806
9.15672;5.93252
6.39682;7.43639
17.3755;-1.65779
13.7684;5.11
11.3583;4.76897
7.26584;-1.2766
17.4307;-1.60475
14.6887;-0.318388
-1.42296;6.0657
-1.22106;13.1475
10.1524;15.7313
2.76508;3.48496
14.0207;2.27973
11.4109;14.5941
9.72951;7.59104
4.37216;0.886231
15.5236;12.769
10.3226;14.8991
13.1112;6.09105
2.0091;6.4695
12.86;11.2749
7.1929;12.2908
11.6702;3.88158
13.9724;12.2472
11.9473;14.7513
7.39471;4.09968
12.4826;12.1598
9.58464;8.50334
16.4395;2.99551
5.09744;8.16903
12.5866;11.4696
11.0553;10.1101
6.23858;3.37788
7.0092;1.34978
11.4689;11.0183
9.81928;6.32895
4.29323;-0.987819
0.619704;17.9634
4.89377;16.5921
12.2106;-1.15895
13.3434;1.60536
4.94073;7.82598
15.7651;16.5254
-1.67068;14.2047
1.52087;5.42676
4.3737;16.1074
-1.10364;17.429
8.21753;7.13495
2.80684;17.2267
10.4847;16.2758
10.245;2.304
4.60473;16.5383
3.31619;7.22443
16.5017;10.21
5.8165;10.7123
11.051;1.15988
14.3177;17.9917
10.9859;12.0828
16.5171;11.3152
8.2875;0.0379685
-1.25807;14.6612
-1.85461;-0.361705
14.0902;8.36293
8.77324;-1.103
7.58966;1.25797
17.1728;-0.165305
5.56197;3.7775
-1.62704;10.8782
13.0019;16.8746
3.08811;0.81843
9.58697;16.1391
3.97831;5.90465
16.1308;16.9642
-0.0125141;14.6479
10.2793;10.275
16.6859;11.0213
6.93618;16.8313
12.6596;3.02634
7.19422;3.4328
3.92334;16.7839
6.69077;3.09611
-1.38142;14.2527
8.87361;-1.00846
7.1309;3.87554
17.8662;12.219
6.69397;9.45315
10.3581;12.6723
17.3578;8.48895
11.6364;-0.654709
5.13688;3.91577
11.6203;3.82278
16.937;0.556458
2.65408;11.5966
5.5828;11.8483
17.0294;11.5061
10.6322;5.72017
16.6022;11.2508
1.97291;7.47585
12.2423;11.1038
13.3514;12.1085
5.32281;2.04536
3.56163;17.6809
16.7176;2.91944
8.16988;10.3541
4.26473;15.3068
16.2699;17.885
1.12955;15.2069
0.441462;5.78363
8.80349;8.02426
-0.368074;7.83289
1.53039;12.2641
15.5531;0.132629
5.51487;-0.474038
9.60848;-0.24283
12.6298;4.95987
13.8657;-0.0474198
9.00523;-0.572719
-0.366493;7.72287
4.34672;9.80339
0.0769447;10.6114
7.11015;-1.6532
10.4964;10.2397
15.5537;12.9379
-1.97668;6.35717
2.96217;-0.344751
16.1901;6.49256
13.9194;13.7431
8.62519;1.43423
15.2691;0.233667
3.1914;9.89884
7.19354;-0.942952
11.8514;-1.80123
0.48433;13.4849
7.92163;6.83105
5.28831;9.99858
-0.557507;14.3985
10.3454;11.9389
6.63816;7.89906
6.87685;6.66148
16.2562;11.839
8.31673;14.4463
0.33158;4.23609
10.1894;10.9568
7.67032;7.45846
13.1904;12.8617
-0.642695;2.38397
13.9188;13.2087
2.58274;16.4031
8.69365;12.5044
5.23414;15.982
4.50295;6.67663
12.3804;16.8483
0.615576;1.01859
6.74738;9.49243
9.68007;5.00361
3.33145;-0.00319577
1.44989;5.66303
6.23289;13.6393
-1.3802;15.9032
3.09775;13.8102
10.7649;4.45505
-1.8058;6.68369
-0.336221;2.77694
5.08678;10.3574
17.2813;12.3209
8.3394;3.78426
0.997558;2.71983
2.63258;3.61313
5.73842;11.38
15.1056;17.4185
-1.61644;0.437016
-0.584703;1.83345
8.10005;7.64819
17.4727;8.71985
5.5514;2.57048
4.53008;-1.68367
9.02553;4.72428
7.00002;10.6893
9.50122;14.0868
3.04675;8.78253
8.40773;13.3861
14.5668;11.4053
-1.89402;-0.80064
17.0184;5.8444
12.5793;14.124
5.26289;12.9629
16.561;6.67819
16.7963;6.66104
16.3264;16.2691
17.3809;3.87778
0.839544;3.91097
4.19411;11.8651
10.6353;13.1941
4.55439;2.13648
9.28092;9.60114
12.919;-0.31135
4.98729;9.48579
13.0939;5.09326
10.6851;12.1123
12.9377;5.26446
8.23633;0.200552
0.227341;6.79733
8.87874;-0.976331
15.4584;7.20512
17.2927;14.8393
13.0829;0.132276
0.750235;-0.722998
13.9974;13.3855
14.4711;0.551748
17.522;5.75205
12.1529;12.441
7.4407;-0.859825
3.92676;2.53463
6.23344;16.6119
16.647;1.1711
3.87637;6.88331
3.37165;6.10371
15.6806;14.2504
7.12738;13.139
3.45551;6.42011
9.97827;-1.46159
8.55239;12.7285
-0.184592;4.54974
8.11399;16.2865
7.10149;7.63596
4.03858;1.25438
2.07693;13.4793
2.39455;8.00369
-1.98608;10.628
6.6156;16.6609
13.7991;12.492
5.54421;-0.829253
0.595677;3.22485
15.4211;9.72306
-1.63614;0.876649
-1.85683;10.3421
1.41506;8.69556
5.07063;3.23046
15.2453;15.1846
1.517;4.34679
4.82059;7.55558
7.60117;8.89752
3.03487;11.9957
-1.0988;3.04878
4.62372;7.5168
1.70968;0.42281
2.00877;9.25389
1.59356;4.60444
14.4787;-0.985303
16.3275;14.8426
1.89135;16.4707
7.18472;5.3064
7.16623;14.2554
10.5369;4.41153
11.44;14.0539
10.7583;-1.73944
3.60945;0.359493
9.15808;8.64431
14.3552;10.0593
13.6931;0.978934
-0.423915;17.4028
3.40174;3.58485
8.65667;6.9953
10.1893;5.13541
8.01;8.5168
1.97801;11.9013
6.98747;11.1627
-0.792254;16.1537
7.41808;11.7446
2.56523;0.85806
7.79847;15.3236
1.11862;13.4079
17.683;12.2767
4.05223;14.0383
4.33599;-0.254674
17.0172;5.91207
-0.851897;2.41894
11.4969;9.80477
11.4142;3.68622
16.9402;1.42424
14.203;0.918191
15.3256;3.19048
14.0809;16.5333
1.34417;3.499
10.2779;5.9094
6.35706;0.0764141
3.23295;9.47568
15.4843;2.916
3.75239;1.53656
-1.04574;10.0884
3.28189;17.9715
-1.99955;4.42999
2.39039;11.4974
16.2348;15.8046
17.1836;15.175
-0.771133;13.3866
-1.90686;16.5545
-1.42292;14.1741
15.0878;1.92125
-0.326937;7.36572
9.83065;8.03012
9.44213;15.0636
-0.494192;6.92647
-0.020398;5.2582
10.463;0.933859
17.3466;15.7449
0.90531;17.347
2.17491;5.2957
10.8444;0.40968
3.10033;10.028
17.5846;4.32919
5.41457;17.6778
2.88364;5.99165
13.8518;-0.0285761
9.9129;15.5249
9.33714;1.74355
5.55502;0.779277
-1.19284;7.06083
9.70574;0.786758
14.319;2.16877
3.72062;13.6656
-0.0863055;6.62593
13.0126;4.08861
13.9216;5.85699
6.49829;-0.978048
17.885;6.08292
5.35115;5.29953
5.76069;10.2348
13.2912;1.61252
12.2062;5.20408
-0.862582;3.54336
8.94763;6.69244
6.32264;9.75478
15.7533;-1.97162
12.5415;12.0723
2.19715;-1.73784
7.73789;4.11085
6.88808;2.7505
10.1995;2.80971
10.6075;-1.30226
3.83166;10.4925
6.78066;11.1828
17.792;14.5413
3.41759;13.0832
-1.84613;17.6238
0.287245;-0.70871
3.16717;11.2349
7.98373;11.4898
2.98965;5.737
11.5182;17.5312
-0.190712;15.7153
17.7933;9.54717
1.82618;6.68143
14.2977;14.0256
11.4911;6.90516
14.7234;17.3228
-0.602383;3.50404
10.5056;-0.810393
0.0453918;15.9232
14.2728;0.199263
15.547;16.56
1.49055;0.714164
9.79489;11.4743
14.204;14.7845
-0.788723;7.72215
14.3157;1.02056
5.43748;14.1091
12.5677;9.26367
2.7905;8.86541
5.28931;16.2816
17.7706;2.01269
15.6044;-0.831815
7.51673;8.11002
0.357792;9.56213
6.03321;16.6306
11.7614;3.5802
15.1906;15.2519
6.29437;6.98548
8.72622;2.49833
3.77003;9.9375
12.2205;0.0857596
12.9581;-0.342033
16.1948;7.5258
10.9216;0.985342
-1.60879;-1.78906
-0.733022;-1.83822
2.22364;16.8714
-0.670036;11.7404
6.98142;1.68776
3.30249;15.0146
0.318325;17.0639
0.594829;17.5089
14.3158;8.8892
6.4944;5.04205
13.3875;12.2644
16.9795;7.60801
14.3502;11.9376
9.26598;12.545
1.46341;2.18761
15.5304;1.85462
2.39856;16.7973
2.0164;6.62219
15.6687;3.34636
0.362562;4.65017
7.03412;5.66506
1.66479;9.35245
4.72894;4.25962
8.86136;1.04476
15.1488;17.3558
8.08681;10.5363
11.6202;7.06635
0.144356;7.97037
1.00396;11.4103
2.51539;4.46737
15.5979;0.0457559
8.322;-0.0034917
-1.1569;12.3384
8.6187;16.5118
17.6848;10.9813
3.16201;6.71888
-1.35368;6.8268
-1.92867;5.37526
13.0864;8.93269
8.42002;10.2352
8.28845;-1.49317
2.77158;1.90863
7.57318;4.91594
11.879;10.5771
-1.67373;16.3944
17.0445;15.9242
-1.55985;7.36651
17.9207;-0.716752
1.7049;8.53943
17.7951;1.38966
1.5207;2.9571
10.1085;2.16702
11.7839;10.1799
9.54228;6.87032
1.11256;-0.0377046
-0.894444;11.401
0.469122;3.87714
15.3096;10.0423
10.7931;9.18865
2.61944;11.1194
7.58304;1.66395
9.04357;8.02319
11.0305;8.96431
9.30644;14.7354
-0.496261;9.10153
-1.87497;3.02444
14.0586;10.2336
7.19146;7.84253
2.41345;-1.26627
16.7128;5.52601
0.696027;17.8184
-1.07298;3.16515
3.69554;16.2367
15.2074;16.4886
7.42531;-0.173113
9.60797;17.0084
3.49084;0.651542
7.03154;16.5213
11.6158;-1.66202
13.2567;13.1196
9.43951;13.3817
-1.85598;5.49814
5.61526;7.33548
15.3407;10.0287
8.06921;14.0535
17.5547;10.7652
13.8719;-1.51825
15.9304;-0.43255
16.7184;13.1378
-1.94393;6.14373
14.9647;9.66403
5.15208;0.455561
12.3156;14.1836
-1.02314;5.93142
14.5216;14.2335
1.05101;5.96112
9.61521;1.19504
13.4593;17.2305
10.5305;10.7999
9.25918;0.599726
6.85343;8.81391
13.365;2.72535
9.29565;11.2954
4.2928;8.01407
6.43318;4.34886
16.1578;3.39791
16.0129;3.30987
5.85347;10.3285
-0.5065;6.83033
-1.7401;16.0151
3.06384;1.31091
3.97623;14.6791
4.50594;-0.56451
13.9095;17.0365
12.2354;5.16871
-0.363815;1.08885
15.9826;15.0011
5.8142;7.27827
8.2965;12.107
17.2923;16.7297
-1.54415;15.4501
2.12759;16.4688
0.760007;9.98106
8.79722;2.25351
-1.18862;9.05712
0.268616;3.87523
12.368;6.24485
0.554279;-1.12603
7.68034;16.4638
17.9104;1.91575
3.63251;-0.453385
5.0046;1.61513
16.5478;12.8188
10.8934;6.84426
6.92579;10.1857
5.57395;7.38165
7.63587;9.70154
5.8504;10.3959
1.68259;16.6476
14.6494;2.49397
7.70474;16.918
8.3692;2.07277
5.16284;10.9235
2.94674;14.8432
9.38728;2.85717
-1.24107;15.0198
4.40378;5.76354
-1.36508;2.95155
0.582336;11.5283
11.7958;9.50813
3.71405;-0.630246
-1.11023;13.3499
11.0713;6.74017
5.74579;14.7539
5.38779;2.39517
-0.752146;15.0925
1.31317;9.61705
-0.834705;8.47601
2.54053;4.11203
5.31919;13.9278
8.9692;6.07812
10.9476;15.373
13.8417;11.5825
0.324529;16.424
5.11084;14.1203
7.93212;10.8249
15.4901;8.8219
6.17481;8.56138
17.5621;13.9206
5.31526;4.94985
-1.68423;6.56311
2.04238;1.62894
-1.81983;3.20768
12.1049;2.7207
9.31971;-0.57586
-1.35149;0.288911
7.50226;11.5961
17.6619;3.34392
5.17864;-0.0135767
1.76792;12.2895
16.1068;11.7
5.11438;13.5969
2.52194;13.2892
4.15823;2.08401
9.20979;11.4735
9.03386;9.52556
0.0366054;13.0762
13.1545;0.216772
-1.71608;7.25944
4.93747;9.60363
8.68358;5.58598
11.8925;-1.81415
-0.817899;11.5544
3.52977;6.36074
13.5409;7.29769
0.65023;11.6476
0.997733;7.76461
7.24447;5.51967
3.05379;13.4027
9.60368;14.2636
6.87619;0.637543
5.78913;8.9128
15.7138;0.943628
11.1296;15.9977
10.2031;-1.93296
7.60134;0.886653
5.65303;1.49388
1.0725;6.83513
15.0483;6.60227
15.1959;10.5892
15.9;17.8461
4.23679;-1.10231
7.61071;13.4813
6.41737;12.6645
8.88397;-1.97895
8.92808;17.7602
0.658591;16.7172
8.67296;-1.62762
-0.339156;1.80253
16.3701;11.8639
1.86957;5.97143
14.7506;9.5226
9.46531;17.8231
-1.64227;6.51362
6.42534;15.5536
-0.897201;4.32529
15.3997;5.33959
5.22299;5.0104
0.820858;13.6404
-0.325095;11.7048
13.6614;10.603
11.465;16.32
9.3202;2.13795
16.6924;10.981
5.94048;15.0625
4.84496;9.81005
3.03388;1.59553
1.33265;14.4992
1.41859;1.69038
3.01281;9.84393
-0.756028;4.11561
16.1692;16.6437
11.4552;3.39221
3.65407;14.2761
-0.967441;5.32898
7.98089;14.694
17.932;1.44587
13.0139;9.25216
5.58382;11.7063
2.23321;13.5243
8.76877;9.07817
5.33435;13.8026
12.6737;8.667
10.3018;16.0923
12.3574;15.3146
7.93622;13.6013
1.43026;6.10545
12.245;14.8855
11.4977;17.8991
11.1615;12.5302
5.22806;1.14241
9.22417;5.16003
4.58828;4.23812
16.4122;12.1721
17.9444;0.645397
7.6964;8.7132
11.7236;15.0307
4.51585;6.39726
5.69775;16.8177
4.48955;0.0551272
14.1323;14.4258
15.6565;17.5626
2.53122;9.90149
14.448;16.0289
9.80058;7.60957
10.5591;17.0286
10.752;1.78326
4.18867;17.3403
8.02138;2.60086
11.5124;7.96581
5.24626;1.20875
-1.32099;-1.03018
-1.7605;5.19485
7.36708;5.93725
4.01253;13.8566
7.99238;0.144861
10.2824;5.64886
-0.292553;14.8136
17.5504;16.1555
12.8425;9.35093
5.76506;5.4016
8.37958;-1.48296
9.18486;14.5683
17.8573;-0.793764
-0.83089;11.3696
9.17204;6.41537
14.5784;9.85105
7.38519;14.8179
17.0459;16.7523
2.75516;3.05843
12.6089;12.7475
5.20329;4.89133
0.396394;6.91074
1.70497;-0.0532555
5.06623;16.5475
11.2977;12.8313
3.94908;1.67726
13.3483;15.1339
-1.75449;13.2056
16.3402;-0.585384
6.57527;7.51221
7.82998;3.15367
-0.636738;17.2152
-0.0284243;-1.59084
15.9674;4.72673
3.46759;10.5764
-0.525728;10.6709
17.4677;1.87067
-0.418377;1.17265
3.81741;6.64785
-0.279871;17.1151
1.47915;5.66921
0.792344;16.8275
2.80314;1.03785
12.0331;1.14331
2.45247;0.608357
10.6555;12.2824
5.76203;12.0188
11.4976;7.7336
12.428;9.46507
14.4603;17.8955
2.04142;15.9346
10.5664;1.50911
-0.194726;12.1481
4.68176;5.62268
0.795908;6.40189
4.73777;4.27505
14.0711;7.53012
3.10253;-1.12576
10.568;17.1356
2.01755;15.0204
-0.256027;14.6731
9.30288;7.506
8.69187;2.8005
17.2396;3.11983
14.2656;13.6999
3.01537;-1.69301
11.6345;15.5818
1.8161;13.4398
9.72985;8.49787
1.0625;12.5258
16.8998;7.80028
-1.19918;12.9709
17.3304;3.90334
13.8451;9.89836
3.03896;17.8626
6.91879;4.78293
14.5357;-1.77833
14.2889;5.2276
3.02217;13.5285
10.3474;-0.712261
9.22847;15.3628
-0.405269;2.86301
12.9446;3.41083
-1.69717;4.67445
13.9087;1.36533
-0.799788;12.8085
11.1656;0.00102748
7.77931;10.496
5.90437;3.6244
2.39436;10.9433
3.48705;11.3132
17.7263;0.0227749
11.5348;14.0152
7.25038;16.557
9.54371;-0.402197
17.8447;0.772179
16.9606;-0.560535
5.63519;11.9052
4.8503;5.93802
-1.42035;0.758997
9.30336;-0.220139
15.5675;2.46897
1.78089;5.34676
14.965;9.68526
10.9712;-0.640668
2.62858;16.4582
12.6725;2.35484
-1.51902;6.20731
-1.62998;7.73136
4.7643;9.91373
9.32916;4.60904
12.6859;8.28976
6.0485;0.321102
2.19496;12.8988
8.25912;2.77461
15.6578;-0.437522
4.55447;13.2252
4.03144;8.33536
0.57201;0.996415
0.0206178;13.5432
2.35575;4.6492
12.0014;17.0282
9.00404;12.4824
5.23554;9.37406
2.21372;11.9998
1.28779;13.5429
-1.39112;15.9737
3.83265;6.65738
-1.7052;8.02761
1.55618;8.55392
12.8022;-0.786024
10.1164;-0.643306
14.4392;16.1478
9.69205;17.0112
-0.855738;11.7127
12.5544;3.50001
-1.63813;6.55579
2.52824;9.36591
1.03815;9.76378
0.739965;5.25188
3.76362;4.02775
0.794767;4.3725
2.00145;6.62742
13.0299;2.29626
16.655;16.5861
12.8502;11.4573
17.8;4.96658
12.8139;14.2393
3.11443;4.506
13.2505;4.25869
-1.78133;7.80491
9.7587;-1.41946
16.3607;14.2869
9.94645;-0.60115
6.05072;12.6864
6.65073;11.8143
-1.28583;9.4455
-1.81315;2.71563
-1.92709;13.2167
7.01188;16.7279
11.8028;1.86206
10.1852;11.6028
8.82864;4.99914
7.84209;13.9431
11.5051;3.09258
0.201761;11.7238
12.8975;11.9605
12.3044;11.2582
8.2474;4.25081
12.657;16.2981
-1.06277;1.30777
10.1125;-0.348602
12.7533;10.2993
4.36702;12.8262
5.51605;13.3789
11.5541;-0.681156
17.241;3.73931
12.9217;8.06961
10.7385;2.76375
4.01268;4.24359
7.85634;6.21444
17.9674;2.75383
0.1749;12.2718
16.012;10.4223
-1.47744;10.669
8.72043;-0.540209
13.9768;0.832911
1.11119;8.73007
13.1322;7.47821
3.55625;0.648291
2.85712;17.1104
1.96713;2.09808
2.84968;16.8888
12.1677;15.5881
1.65256;-1.81963
1.83172;11.5089
6.3948;1.79913
16.2627;8.5697
16.0709;14.2747
0.992008;16.5934
6.94378;11.7124
-1.94676;2.9206
14.5454;1.16443
13.6507;9.67759
10.6426;-0.793078
12.3259;15.4998
-1.68271;16.293
-0.402159;3.16697
15.1818;13.7655
0.755102;-1.16563
13.9459;4.58683
12.3433;2.3407
8.38595;10.606
12.9104;6.45684
6.88073;15.9024
5.05028;15.8245
9.61485;5.10352
0.745106;6.1602
8.26795;16.3958
17.8378;0.910592
17.6027;12.1637
-1.58965;17.92
10.4567;0.00819193
3.08696;7.63851
15.7737;5.84206
8.47288;11.7196
12.4289;2.81615
16.0603;2.81484
15.4221;10.9707
11.2717;4.30287
8.87313;-1.67804
2.12738;0.487977
5.42548;4.87248
8.64818;15.6934
3.26826;8.48597
-1.39598;2.87096
2.64965;-0.985625
2.79095;15.1063
1.02257;7.87791
4.74484;-1.20371
15.72;15.2177
12.5159;10.1489
0.0338714;10.5762
14.9637;17.456
3.54694;8.23537
3.75888;14.4201
8.55733;7.88625
16.908;15.9828
14.7587;7.55622
13.6762;0.0269936
-1.95781;14.2803
4.89795;2.69184
15.2946;9.6889
-0.201821;-1.68279
-0.433186;6.54302
-0.886503;17.2868
3.76074;13.6294
9.43564;5.79462
6.20562;6.39934
5.25063;11.7526
16.6347;11.0095
8.17262;7.19204
0.895756;7.08066
5.17485;17.6545
16.6369;0.851088
-0.318517;16.6791
17.1314;6.57944
1.37091;14.426
-1.73166;3.16909
14.7432;-0.164845
11.7121;15.8567
-0.878061;17.4729
11.4861;10.5576
5.26748;-0.308275
-1.04308;12.5181
13.4443;17.5916
5.52761;3.6169
6.78367;8.42336
12.6976;13.9585
8.07785;11.3344
16.8096;9.75934
10.0135;15.941
-1.66123;13.3844
12.3669;-1.39289
-1.44648;9.11015
0.442269;12.2656
6.96685;1.56421
11.7385;0.452953
14.1218;-0.994032
2.14468;15.0787
13.5241;17.589
14.6703;1.05168
3.20586;3.454
11.475;17.9034
-0.587483;1.55289
11.2379;-1.77788
13.3122;3.25137
16.1631;13.651
-1.36421;10.53
14.2581;-0.810689
1.64017;16.7004
13.4549;10.607
0.264591;7.19344
13.06;16.3864
8.1994;17.2047
13.4651;3.72347
16.7936;10.1354
6.77515;1.99948
15.5894;0.250187
1.9029;17.0019
3.80308;15.1408
17.2241;-0.884695
0.392132;15.3871
14.7663;1.02793
7.91716;11.0244
2.21724;11.5573
9.7248;17.6722
4.16436;11.9894
6.86561;-0.775669
10.3758;17.065
-1.57102;5.84086
2.78849;17.2226
17.9763;11.5636
1.22208;15.5657
13.8138;5.12498
14.5677;-0.383095
2.26574;13.7917
0.73221;4.65787
11.1789;17.4985
7.6858;1.09604
10.5229;11.903
14.6534;2.24773
11.5752;0.817723
16.2371;0.440825
2.04205;8.61289
-0.494157;2.47104
16.4538;4.29433
1.69364;16.43
17.858;4.91571
13.9958;13.6718
12.0407;10.5634
15.2887;16.3064
6.35516;-1.97908
2.9643;-0.465962
17.5194;12.6501
2.63007;10.0424
6.55312;-0.716559
14.2901;0.128333
2.10116;12.5272
2.56916;6.14322
3.14011;4.075
10.6143;1.59386
10.3693;14.3079
0.0239007;10.2273
1.22361;16.0197
5.89911;15.2643
8.58309;3.18781
13.5707;16.9383
3.20873;-1.46498
-1.52771;2.72816
13.1851;3.10236
14.7705;1.73823
4.38581;11.0606
3.86656;8.48697
5.58782;8.43572
16.6302;10.7279
14.5107;9.24444
14.3218;6.88006
5.55234;16.3457
-0.892637;8.77594
14.3653;7.00647
6.04024;4.94844
12.1943;1.61096
3.88669;17.403
2.14597;4.35898
2.13117;17.3311
9.46135;-1.09831
1.06931;15.8472
11.9623;6.93587
6.33412;-0.449885
17.3716;4.96431
12.278;13.8823
16.2088;8.59983
2.76237;3.76109
6.94552;3.86973
14.537;3.31087
12.8762;2.57727
10.2593;7.07048
6.18822;16.146
6.47349;10.3342
2.50498;10.6047
9.66527;13.9663
11.5063;12.7346
11.8135;5.46864
1.67045;0.147595
7.01876;1.04204
7.1119;1.2968
16.9244;5.32065
11.8966;1.68672
11.0817;0.84215
7.55645;7.61877
6.15302;2.43265
12.196;-1.58768
11.5031;0.384263
16.5583;-0.0233779
12.7185;1.0633
12.5813;4.38373
17.0296;6.08763
-0.881693;10.8431
13.5563;2.78876
12.9907;2.57503
5.83079;2.1026
5.87183;4.75514
9.42325;-0.231539
8.44186;2.50499
2.61061;17.9983
12.1238;10.7636
2.43095;6.31981
11.176;15.9341
8.70407;9.73427
17.9107;3.42253
12.7976;12.492
9.80626;11.8272
0.57962;10.9246
4.67029;16.1359
15.7133;-0.339013
0.710923;3.54411
3.76358;8.58275
10.2993;15.1868
10.3512;0.741117
-0.308173;14.9618
0.739424;13.8156
7.72545;5.17038
2.1354;0.901405
3.10446;12.8395
12.6357;3.01516
-1.738;7.43325
17.5072;10.0683
1.26044;0.0867715
2.99282;7.93074
-1.77734;0.706137
9.59173;0.933587
6.25025;15.3553
11.5163;-1.4505
12.5421;3.86755
1.29062;14.234
0.829378;4.03004
10.0496;10.5548
11.2004;14.185
13.4562;16.3049
9.02444;8.09191
1.32005;9.28644
17.5252;0.827197
1.3547;0.785607
2.91397;6.34752
10.7163;3.13663
9.05366;2.30807
6.07022;17.3039
-0.33662;-0.413439
17.8534;14.2055
5.45411;1.14403
10.4395;8.28349
7.17407;2.48906
0.838324;0.374496
-1.32598;16.2946
-1.32062;9.69847
6.38647;1.99942
0.984911;5.91163
4.82662;4.33961
8.69724;9.74059
12.6871;1.41359
14.8772;3.74079
5.72166;2.94744
3.04469;7.38504
4.534;2.8981
3.59056;11.9881
6.04213;16.0301
2.27161;15.2162
0.51911;5.10993
17.5907;1.19313
3.40449;-1.72992
12.8916;11.791
2.2695;15.8765
-0.297403;9.09612
2.21612;10.3998
0.836708;16.9033
13.8134;17.7139
2.64404;1.53508
2.66137;7.68874
10.9201;9.19538
12.5868;16.5107
3.18349;0.628969
14.5407;7.4551
17.8452;17.0598
14.565;17.4359
0.252972;-0.0304673
17.7059;15.1446
13.7605;1.97545
13.0211;15.4631
13.0716;17.2372
7.86293;15.9083
16.1405;3.67635
15.6222;0.784508
7.21143;0.283576
10.4732;0.131549
11.479;5.06008
-1.35778;16.6624
7.68905;15.183
6.11755;7.53422
14.2428;2.68259
6.97009;16.4958
4.65212;6.67604
13.6403;0.412619
10.6515;8.66142
17.8757;5.72305
7.89863;7.73864
3.63133;6.03909
13.415;1.25353
8.8236;2.62643
3.53711;1.29685
4.75798;17.0161
8.35693;5.4002
15.6785;-1.95402
2.58316;3.79605
7.58021;-1.17405
8.47864;16.5503
17.3217;15.1308
5.22634;12.962
17.5434;17.8778
3.62347;17.4191
5.60088;13.5221
7.15774;11.2322
1.56119;2.57274
14.4857;12.3848
7.19917;0.0228449
15.6816;13.9572
-0.961096;6.03856
1.35735;16.7174
6.08455;5.94051
2.51346;15.6648
6.76646;12.9921
14.2151;6.08817
10.1229;1.44139
1.05022;9.66626
1.31922;6.67368
9.08536;8.9201
2.19578;-1.7569
2.15231;5.75697
2.81584;-1.36195
0.141757;12.015
0.660892;17.8234
7.97216;1.6998
5.86196;11.3295
0.417204;13.9465
-0.72997;4.93067
11.6113;8.03649
-0.0772271;7.82631
16.1247;12.0456
11.2677;-0.825127
3.71191;14.5869
7.84856;14.7973
5.50702;12.0443
15.0404;9.65933
-0.198699;-0.143788
10.2974;1.94306
13.8712;12.9583
1.76645;3.84339
16.6581;9.62841
17.1729;-0.92473
5.57491;-1.55706
6.00594;-0.813835
8.47943;7.92871
9.01247;6.60409
1.97436;2.28017
7.77896;7.68626
-1.13291;17.6275
4.48353;6.37412
11.6718;1.5239
-1.96655;13.4731
3.38011;10.3308
17.4162;-0.748664
5.2891;1.18266
5.09473;3.94716
12.8111;4.26763
5.02243;0.385973
4.71057;13.0284
1.57214;15.19
2.95708;12.5846
3.79409;6.93144
16.8648;13.573
16.6177;17.7319
13.2006;3.10123
6.10599;6.87241
6.62513;6.13944
2.34556;12.0052
-1.52974;1.76176
13.2566;5.75936
4.94442;0.351298
11.7065;-0.24452
6.61893;-1.27104
2.14145;13.3295
13.7573;5.71359
10.5195;-1.28559
0.298201;16.3136
7.64584;-0.837017
11.8866;6.26354
-1.10514;7.08719
11.3648;7.00085
15.9596;-0.0101017
15.1403;0.305155
13.9951;15.6105
4.06692;9.25171
3.36991;11.0113
11.603;17.0764
12.7668;0.221936
17.8054;16.9083
15.5514;13.5627
4.62186;8.07095
14.2771;6.92006
6.38454;3.92297
8.08304;0.271171
12.1865;8.9779
9.35836;5.55128
17.9787;7.31796
7.54118;15.119
9.62312;3.53631
12.7296;15.69
14.788;-1.90051
8.70137;8.39103
17.1759;3.46818
10.613;16.9813
2.37645;8.1644
12.544;8.99831
-1.76465;8.82114
17.9184;6.61988
14.7441;8.00141
8.89105;8.93062
-1.02069;0.249418
16.4819;-1.04194
9.56738;6.02308
16.0771;1.1905
11.5594;10.8067
-1.11946;8.34742
10.9062;9.58191
-1.26156;10.0821
15.0501;11.3514
9.06339;-0.573454
1.51581;3.60741
10.4249;1.75115
14.4286;10.3432
10.371;11.1727
0.344639;1.26209
2.10328;1.32395
3.51151;0.585186
2.28202;15.0789
8.60827;0.359116
-1.73061;2.16767
13.1658;-0.850067
12.5151;6.07197
10.7318;13.2535
-1.84595;7.78194
6.60493;9.21745
9.20848;10.1207
14.8249;1.63334
13.8719;11.2534
13.9766;6.24293
4.42608;16.3212
9.50502;8.52936
-0.354843;15.0165
11.1145;3.92717
12.0954;1.72282
6.28629;12.3648
5.89048;1.45209
13.5148;0.405566
9.52405;6.24659
15.6591;9.67811
16.0285;4.26402
0.895551;7.23701
16.3848;17.7204
10.8704;12.2567
10.9738;6.84691
0.499583;17.3999
5.16812;12.0046
7.92927;6.81328
9.02113;1.04382
12.7405;3.11656
4.76663;1.02674
17.4814;12.6571
4.47883;12.9961
15.0627;16.0029
1.24272;12.7218
7.68099;-0.728751
-1.0142;10.5765
8.50826;17.3706
10.2969;1.37861
11.6272;3.27077
10.2255;14.1268
2.67067;17.3936
8.1314;12.5999
6.20692;-0.847465
15.6438;0.94737
4.26909;2.41039
3.97411;3.75047
17.0675;10.4529
-1.25341;14.1302
8.45582;1.98931
8.85196;-1.86319
3.26056;9.83776
10.7133;13.7688
9.20832;3.01029
17.1474;2.83553
8.28106;9.37296
-1.03768;12.9517
8.76661;9.09372
7.55168;16.9735
10.2463;5.19543
-0.0791039;16.5154
9.60582;5.89501
2.26582;8.67333
-1.65205;3.01241
4.80351;8.80377
7.00173;15.6555
8.94058;12.2623
7.49323;1.65392
8.03111;-1.29845
6.66421;7.17855
3.53707;16.9453
-1.44849;4.4994
11.897;9.31811
15.5931;1.44868
8.29164;7.83938
8.64411;10.2125
6.35473;0.249934
-1.89246;10.6205
10.9233;-1.54451
15.633;17.7268
9.25926;4.63469
15.3822;0.199836
-1.10302;4.87548
3.85375;8.92809
5.57702;12.518
-1.89336;11.1141
11.4632;-1.34185
17.6135;5.36024
9.97626;15.2066
8.80891;0.2679
5.04599;-0.546974
12.4804;13.4007
1.70296;12.588
6.02127;14.6262
13.0435;3.65424
14.353;4.30273
10.2889;11.7352
6.50257;11.1859
-1.38927;12.3563
2.114;6.18775
6.87429;2.22064
-0.69815;0.337518
2.87878;-1.08465
7.69775;14.855
16.122;-1.49333
17.1229;3.16795
-0.0403069;11.6034
-1.43132;3.66265
6.19136;6.58995
0.288875;1.23483
12.2442;16.6419
7.53756;4.53312
10.3771;16.0401
17.719;10.9878
10.3964;1.83302
-0.824401;-0.729267
6.05366;0.477449
1.60825;10.9324
1.39279;11.306
7.78748;-0.485246
11.8127;6.91043
4.68271;13.7724
0.513806;5.25139
-0.564983;8.70516
13.8413;1.72389
11.94;8.08553
0.365764;1.47755
14.6187;12.7429
-0.482325;14.3377
5.73073;11.9141
-1.8293;6.90633
13.1849;6.22436
9.38378;16.7931
-0.843196;12.7766
10.0991;8.94429
14.2913;3.91178
17.8547;0.974037
-0.315857;0.368522
8.22543;1.11916
11.0737;4.06677
4.84305;5.01368
14.1523;7.20881
8.49123;10.771
1.9517;10.0089
7.10864;9.68243
3.92302;7.27934
-1.41124;-0.892123
15.5037;9.97254
17.901;16.6605
4.74911;10.0001
7.60479;1.04044
15.9119;7.45951
4.01447;17.596
9.82803;14.2399
0.715173;2.90172
0.306668;7.55822
9.91539;16.459
16.767;0.406619
9.22993;0.718738
12.4155;-1.66144
12.4012;-1.66146
7.6179;12.9899
-0.553582;5.1216
4.96246;-0.6526
3.7821;11.7116
11.3475;13.3869
14.752;9.25936
2.8464;0.766488
8.85537;14.6744
17.0064;11.5705
-0.423845;-0.686944
1.12877;11.4915
17.772;-0.10419
13.8982;9.00195
2.61455;8.31369
9.34051;17.0157
8.65223;-1.04159
12.0056;10.0986
6.08001;-1.03189
11.446;11.8621
12.6797;4.79354
7.24901;9.43169
16.0529;12.0954
12.1982;6.90827
8.76985;11.2046
0.478817;10.346
12.5176;3.60759
3.83755;12.2897
5.5034;-0.264281
3.2916;10.1179
10.0494;14.6321
9.13366;0.701633
15.5905;3.1393
12.8003;3.67053
4.10741;6.24633
17.5326;-1.21291
13.0399;6.78165
10.2188;11.0928
0.87706;4.41696
0.00102948;11.6469
17.6215;2.47985
3.99291;12.1392
8.08744;9.83046
6.42881;15.5908
11.5662;11.7204
7.70878;3.61559
8.35253;-1.15756
6.31722;5.94306
3.98174;1.1175
11.6136;10.0891
9.36382;11.1462
10.8762;4.40368
-0.0721179;3.09502
17.4964;2.80494
9.51198;-0.502527
16.4518;9.13352
3.97732;2.44476
3.27268;14.0648
14.2752;11.7015
11.6556;7.8414
5.42191;1.36437
13.457;15.7744
2.2068;1.7742
3.7175;8.18855
4.8917;17.3311
0.277692;16.2555
10.4773;13.1539
2.65921;12.4052
-1.75106;2.15565
17.2101;9.76092
3.65313;15.662
0.894439;9.63045
0.106754;6.16712
5.6952;16.382
-0.131394;-0.649212
6.22338;7.29051
2.71515;1.68036
5.06495;6.92196
5.45457;10.7825
17.1105;12.3463
10.1135;-0.611803
10.6018;2.59086
14.5421;15.261
16.9961;14.7911
-0.583341;16.2062
6.55199;5.06979
13.8682;9.44643
16.7002;15.975
17.6135;4.39543
14.3569;-0.517849
5.74622;2.5803
8.77266;10.4614
6.26067;15.8376
-0.616668;13.7152
8.62007;-1.50616
8.0615;0.733608
-0.117967;0.663298
5.32447;16.4242
17.9243;4.32053
13.2152;-0.659038
2.52673;1.76721
6.41075;-1.60507
13.2136;5.11098
16.3699;12.8272
11.5064;12.7268
14.3093;-0.747371
17.3071;5.08201
11.714;5.56778
2.91962;13.0973
1.28301;13.5397
13.5912;11.3445
16.2733;15.4732
14.0078;3.59777
13.8974;13.9321
9.9183;9.11258
15.2731;14.445
12.8798;3.68382
14.84;8.09344
10.7948;13.2098
2.92063;4.30121
7.93665;-0.770026
5.55384;7.24377
6.31198;-0.732157
14.8115;11.2316
14.3652;-1.90544
6.7713;9.95635
11.4391;5.0446
7.42955;7.44688
10.6424;3.32691
3.379;2.56067
14.4395;0.652076
-0.9943;9.3193
6.3359;15.8457
-0.58726;-0.869297
11.0555;4.33337
5.43192;0.992158
5.56335;12.9858
10.2359;13.8753
14.2536;7.04747
7.10693;10.6188
7.14203;15.8782
2.57513;0.581102
2.92284;12.0047
10.028;15.5652
17.3316;15.407
0.125881;13.7711
-1.94094;1.13158
5.09038;6.39496
-1.02276;6.50312
7.52566;12.0327
12.8365;14.9576
15.0249;0.399845
9.94334;7.26083
16.2752;6.19694
16.3083;5.38211
-1.18429;5.45033
3.26034;3.39084
8.03143;8.18318
17.3955;0.0594171
5.74839;16.7271
17.4664;7.87427
12.4982;17.5255
11.0058;-0.411423
5.92042;11.9831
8.0917;15.4461
6.01584;2.9282
12.4037;3.04074
5.32804;4.347
12.3016;3.60322
12.5439;10.6099
10.9853;13.3596
-1.9398;16.2457
-1.24951;8.09163
6.42884;-1.854
10.1511;14.1772
16.8731;9.61745
4.05149;11.3713
9.14291;17.0573
12.9599;17.0633
11.0404;3.05158
14.5094;-0.943729
7.97977;8.91308
4.09701;15.3078
15.2601;-1.60141
0.911031;9.80402
11.0085;13.8964
5.16366;11.0687
12.142;5.91415
1.1603;0.570851
6.06015;13.3113
16.7481;4.93326
4.9288;2.79957
-1.69544;16.0717
1.85691;13.2644
15.135;14.8973
-1.68399;11.6445
15.9536;8.29578
2.55755;2.05063
5.6036;-0.182367
2.44921;8.51463
11.6217;15.4577
4.41098;-1.21469
8.52633;-1.44701
6.69946;11.6866
1.12385;14.7596
6.99797;-0.12808
1.69287;13.9268
4.67149;1.99743
11.9985;8.52839
17.2619;9.13353
5.42573;17.5779
2.778;3.37935
7.87365;7.33555
7.42997;15.4772
9.15319;11.8792
5.99187;2.77484
9.33685;12.4029
3.56015;-0.136819
12.9558;12.2596
13.5498;16.0797
9.01923;2.54778
17.9516;12.7121
-1.52545;4.6231
16.7095;12.473
15.1515;15.9714
3.60657;2.57722
15.5493;8.38457
7.95657;5.4229
17.7201;17.3865
2.90014;8.87331
11.2657;10.892
13.6481;2.60258
5.29486;-0.791701
4.46576;0.250705
13.4679;0.015563
-1.6696;4.48715
4.56334;-1.718
-0.800751;5.03789
4.9051;17.9088
-0.489074;2.05659
15.8802;5.1175
6.63381;13.4294
15.5021;16.5904
0.852318;15.2222
15.9769;5.75246
6.09551;9.24265
-1.35553;1.74365
13.8452;5.93933
2.95195;0.310987
8.19003;-1.58013
2.32655;8.52043
4.90701;8.88989
8.80243;6.10626
15.9278;15.7075
6.01504;17.4387
-0.235877;3.89521
4.5562;8.39794
-0.67537;2.05827
6.98832;2.17695
-0.719534;4.96525
9.9294;7.37597
16.2079;10.5739
11.1196;12.0531
-1.4868;16.0716
14.3641;8.70323
16.4914;-1.30933
-0.776344;3.39846
9.58056;10.0261
11.5047;7.50834
7.73362;-0.480237
6.94704;9.49774
5.41497;13.5032
-0.10432;6.7396
17.5615;8.884
10.9165;-1.15801
15.8493;2.84595
8.21796;14.0572
15.4198;1.33758
8.11028;15.933
-0.590837;4.4744
6.63625;17.9006
5.16507;7.85991
3.29907;16.7456
-0.114006;16.8038
6.25396;9.61961
-1.67645;15.201
1.11736;5.73852
10.7043;3.01304
14.4781;10.2658
13.897;7.39468
11.1078;11.7463
12.2406;1.32572
7.80344;9.66046
4.6633;17.9137
7.59348;6.07247
4.38813;16.2297
5.97307;11.5532
6.08964;11.2721
10.2988;7.97563
10.0759;-1.44721
-0.404756;10.3995
15.7538;2.7126
-1.86199;8.45805
7.72564;14.6161
0.723829;3.62267
4.01081;13.8316
17.369;-1.74856
17.1573;7.17241
9.9119;3.82061
7.08613;-0.49462
11.8931;13.4743
17.7351;-0.133847
7.02746;5.82475
13.1383;-0.673719
15.8004;5.21422
-0.120931;17.3956
17.6137;17.6329
2.10822;17.7517
8.09092;11.8339
14.3678;10.8147
17.4565;0.378659
6.64634;16.8255
0.630103;5.80365
5.9979;12.542
11.6243;15.084
14.0474;5.51734
10.5583;13.7825
7.38349;-0.414243
1.60724;2.52178
0.912038;-0.592383
9.73601;2.79111
-1.19676;9.34971
2.42397;2.91146
9.10143;12.5149
16.7453;5.46927
5.32964;16.2018
7.84793;13.976
15.0273;10.478
1.77962;3.02525
5.02004;15.4039
0.109287;1.06742
2.92122;12.6676
16.8499;12.3047
14.2533;0.457158
16.8265;17.1654
1.86477;8.5625
1.95649;2.66801
-0.0877842;6.38046
7.57947;11.0136
0.89535;6.32479
-1.51708;8.22499
4.52664;8.33085
4.20097;1.55398
0.808886;7.98059
6.57923;7.82893
5.38447;8.68852
10.8963;10.3057
3.35611;9.74627
4.6104;-0.390552
12.2034;3.43689
-1.22517;16.0682
13.9994;2.73131
0.736211;15.9116
11.1118;10.3157
8.92525;14.0071
-1.35953;9.40817
4.23211;5.16711
-0.260984;10.4331
8.72109;2.5479
0.413666;17.3003
12.3768;7.79814
7.98885;5.27318
0.103825;13.345
17.0194;6.71422
14.9544;11.2229
12.1511;15.7292
9.29106;8.1505
0.460544;12.0273
6.06211;13.5723
4.34296;16.9874
9.57944;4.98343
8.39553;15.8116
12.1505;10.1345
8.24463;2.87163
14.6824;10.6583
2.17196;9.05927
0.456433;12.1608
16.3324;2.56026
7.50576;15.3519
11.2745;4.46016
8.57475;5.42559
2.18939;-0.134183
15.5761;4.64994
13.8931;3.6382
0.222253;0.236051
2.62556;11.8017
7.21948;13.0211
9.61325;1.37002
5.15563;-0.142123
6.24166;1.83807
12.5162;10.4136
12.8973;14.9726
4.57443;11.2298
-0.467136;14.0802
8.58167;12.8073
0.540353;-0.843574
0.232936;4.72975
1.02224;17.809
11.3797;16.9153
3.44723;13.6019
-0.848615;8.07279
7.40363;8.37087
3.09388;-0.983126
11.7409;10.2495
0.87475;-0.0174532
14.0876;15.3909
12.3962;8.98492
12.3635;-1.02941
2.21471;13.8964
15.0508;12.7964
8.70374;17.5911
13.9528;10.9367
4.32088;16.975
10.7457;17.7006
15.8904;16.1929
13.3025;17.0418
6.26573;2.70612
7.41263;11.3596
3.723;1.15352
3.60912;6.59775
3.13607;-0.303297
3.98867;17.5322
10.6816;-1.6478
-1.49717;14.8963
14.2486;15.5536
9.69271;4.95234
15.1447;5.64552
17.889;1.46563
4.62057;10.6347
1.16619;2.51095
8.82765;16.4687
1.55272;17.0934
1.17481;10.9654
10.453;6.89781
14.1189;16.0621
15.4956;-0.745053
17.7588;1.48423
-1.21282;10.4404
1.83643;-0.709987
7.33678;-1.91497
16.8436;-0.970509
5.03737;13.9884
6.67501;4.92638
17.454;13.2956
17.5611;0.620195
17.8065;8.38874
-0.911118;1.35925
7.48212;2.26369
14.3246;-0.0648832
11.1615;10.4435
17.9972;8.65706
11.6984;17.7561
12.1413;12.4856
10.1965;15.9777
13.7756;-0.466722
16.0628;12.6192
0.56277;3.10012
8.60762;9.23778
10.0265;8.06162
4.53336;9.58759
10.6818;4.33989
-0.0236733;11.7707
7.69913;9.45845
16.0344;4.02373
11.3936;9.1959
16.4672;11.3908
-0.147042;10.1656
11.1469;13.9943
4.65123;3.34335
11.972;0.426843
4.87663;10.0347
15.0461;7.4394
15.1349;5.6537
-1.32282;7.16135
15.7153;5.21054
-1.25106;8.39714
11.5504;0.725266
2.16784;1.24956
12.1837;0.202227
7.27329;5.57728
11.3981;5.74049
-1.03192;13.2511
17.9061;12.1149
9.24533;4.55734
17.4583;3.21731
6.98418;4.33492
15.252;4.03027
13.7743;12.3869
11.684;14.4515
1.54825;9.3993
1.66205;2.29719
-0.203566;15.2125
5.02246;3.96427
-1.53796;-0.793829
6.1665;7.73533
6.78345;-0.43538
15.4758;7.75153
14.8157;15.3819
1.86647;6.06103
1.93927;1.32475
11.2783;10.9235
7.65968;8.53038
16.9537;3.434
2.91728;10.6377
-0.11449;6.46553
2.03699;3.54756
10.7627;3.83343
0.760038;17.7852
9.7977;1.22208
-1.00865;17.9642
10.9574;7.7748
-0.471186;8.43322
17.5263;16.3445
5.81516;1.3928
4.40555;9.75443
4.71755;17.6839
2.67789;14.3772
8.21427;1.63161
-0.188768;13.1316
14.2693;1.69674
1.59709;-1.6937
7.2443;14.3598
4.13973;10.0043
14.145;15.9374
13.2264;15.1363
15.9016;6.18382
4.91114;17.4304
16.617;4.43747
15.775;4.4322
7.83027;2.1805
16.1866;14.5478
1.86439;0.864513
10.9251;12.0787
4.49613;12.7363
7.21022;0.765435
16.433;10.8073
1.07174;5.67733
7.16711;7.21147
17.6817;3.3121
5.1489;12.9081
0.448445;3.05052
1.09191;7.35959
2.48095;-0.29105
13.7971;0.255905
6.14115;3.62734
4.4364;4.32778
0.175163;8.30079
7.19229;13.1002
2.37945;13.6884
7.83651;11.5897
16.4538;6.26954
4.39697;-0.474414
13.9469;13.5641
8.73705;13.6285
-1.12381;15.886
8.53663;1.32463
0.936468;11.6285
10.6842;5.41742
13.3375;6.48128
7.67333;1.47864
12.1086;14.1097
7.80641;14.2838
4.41052;16.9987
9.384;8.78997
12.6871;-0.779486
2.37964;11.141
7.49005;8.77661
12.6665;3.43693
4.34069;3.4036
-0.934529;5.21688
1.28955;9.6021
8.54152;4.22602
3.23064;1.22574
11.6434;-1.43187
9.70702;1.31677
2.04677;3.81565
17.4265;11.8532
0.099429;3.83703
10.8519;11.4834
14.627;5.53899
12.7039;-0.99336
-1.32004;2.194
9.78325;13.3465
7.63093;16.1239
-1.24989;8.6964
3.34083;2.03966
0.298503;13.8823
8.26569;5.52914
17.1081;1.90913
6.09727;8.81511
5.2259;10.144
14.6308;4.6524
3.99722;16.7302
10.4894;16.8491
10.2136;7.11643
4.38809;4.91757
8.12307;5.06805
9.11157;-0.0936807
0.414554;-1.2575
-1.96974;1.16466
9.4389;3.37109
5.20433;11.7374
-0.746562;15.47
-0.733456;-1.63848
-0.620856;7.36382
9.17663;6.60505
-0.492142;5.80739
13.2575;5.50508
4.53757;5.74688
4.35418;16.7512
14.8633;10.7423
3.66876;4.98638
17.8103;14.7803
6.8927;0.224869
15.5228;6.92296
3.38953;6.96172
12.2941;10.5939
0.699119;13.5475
8.06387;1.96566
13.909;9.44302
11.3295;5.08565
-1.95194;12.8373
12.893;13.3055
0.342416;-0.569389
1.05239;6.69659
-1.8182;17.9157
-0.561141;3.85056
4.90208;-0.750826
0.630885;13.7948
1.47404;-1.84629
2.71774;6.86357
7.11543;17.0118
-0.542567;9.81454
12.5593;9.52131
13.7802;8.4683
0.964321;7.10969
15.554;1.01238
1.94703;10.447
16.3179;4.28944
11.8776;-0.629714
12.986;12.0594
-0.714012;14.4249
17.91;6.18807
15.6741;0.540849
1.98285;-0.851892
0.694556;6.70059
8.01168;9.80998
5.71239;9.46911
1.62453;0.271675
0.99042;17.4047
10.74;3.95474
6.51442;8.29393
6.96712;10.4614
0.740919;5.28502
16.7509;14.6185
6.6553;11.7369
8.67792;7.94129
8.16181;8.58789
16.1294;5.83588
11.1287;0.112209
6.98399;13.8233
8.8128;16.9957
5.63328;16.5252
8.46478;9.2578
-1.20314;11.4552
8.66254;11.5368
17.4099;17.177
1.83077;6.37707
9.6384;4.57169
13.6621;8.38929
1.19021;2.31738
2.12621;11.8681
12.2587;12.288
2.45602;10.388
0.123904;15.5848
12.5002;9.10789
11.4081;3.31305
8.10356;-0.958671
1.83823;-1.43166
10.2991;2.6351
12.0235;0.961666
16.1719;11.4335
0.138622;0.00270473
-0.189449;11.777
6.57439;15.4726
2.16631;9.7646
-0.209982;6.29253
3.63274;14.0487
0.580552;8.08876
6.43673;2.70446
5.67352;0.936975
13.8123;-0.918425
6.25002;3.91591
0.122904;10.0883
4.48425;12.422
14.7233;-1.49221
15.3837;12.8953
11.9413;17.5223
14.898;13.7518
11.2993;3.47238
11.2245;15.4657
15.237;13.0145
3.75819;0.869723
9.06317;6.33874
10.9585;17.4999
11.0432;-1.36799
0.436878;6.85554
-0.28642;8.6869
12.7714;1.83648
0.775151;-0.744307
16.2585;17.4985
-0.236518;13.6422
12.3938;13.7048
13.1645;9.29177
9.45658;6.46389
14.7642;2.68104
3.92955;12.0011
17.6955;9.68773
14.8709;8.7587
-1.97353;7.82934
8.2586;11.0697
8.46135;10.6955
-0.0747905;10.1749
1.38237;14.6967
14.0114;4.15753
15.9523;12.2699
3.65602;17.7158
7.91215;-1.95019
13.4206;3.0767
9.34158;4.87717
11.5406;6.10573
9.55822;17.4701
0.106868;9.25374
9.15787;16.9777
0.0124371;9.18434
6.80707;10.271
2.25401;17.2684
2.96651;4.17922
9.44335;6.34889
0.875874;5.45477
12.5064;-1.17178
-0.275297;-1.83756
-1.45595;9.63686
-1.78776;13.9646
14.7136;9.55382
0.841816;8.25414
17.6595;12.4
7.72427;-0.233583
3.65377;-1.11786
-1.25585;5.66621
10.0665;7.55122
17.9372;14.3205
6.81964;2.90376
0.499705;-1.73701
11.2526;3.37558
5.71776;5.75906
4.2038;7.44247
5.92149;4.74786
-0.920677;6.13374
0.7125;15.7929
17.6876;3.55432
6.04701;17.3471
17.9543;15.7713
-0.886478;3.60812
16.6534;-0.142332
11.2743;8.7199
9.40889;11.2116
5.04038;-1.77147
16.1153;7.54009
-1.50848;9.36799
12.9157;6.20929
17.127;-0.88053
15.6518;5.04854
5.86733;16.7311
13.1823;8.57983
14.524;12.8698
14.1341;2.57096
12.2169;14.0885
0.342248;13.3305
-0.303384;-1.00433
15.1881;12.971
9.71557;6.59701
6.18254;16.756
6.82554;4.29788
6.29604;7.31707
15.6659;1.21171
15.5264;14.7929
2.33118;13.1781
1.84146;10.1985
11.9092;17.0237
0.778333;8.43313
11.8936;16.9125
13.0041;6.1105
13.001;15.3463
1.44096;14.6976
16.342;-1.37092
9.66854;8.05758
7.2261;17.8511
6.81353;16.0516
4.14895;15.1096
5.3687;1.81482
-1.67872;2.89505
-1.39226;2.65246
-1.92684;2.4492
14.851;11.9823
1.47293;17.6293
2.41547;15.3665
16.5418;17.4196
3.47699;11.5427
14.7659;6.91795
8.24032;13.1079
7.54703;-0.0911442
3.1655;16.7731
-0.240073;11.979
14.8248;5.90888
9.0886;2.19346
9.7237;9.40987
7.08852;10.3314
14.0623;7.16168
14.7806;10.9133
1.14401;-1.74643
10.5426;5.55948
15.6201;9.08436
4.97905;1.09705
2.6271;1.74495
10.015;12.8674
16.8529;-0.437973
14.7763;2.01837
-1.66485;16.5362
15.9974;15.1599
4.44508;7.08599
-0.646624;16.1688
-1.50414;8.44189
8.50023;14.5582
17.6036;5.28086
7.47149;0.747583
5.53443;0.0140806
8.30706;3.15449
11.0984;15.2861
6.25154;15.7255
-0.968937;-1.73346
10.593;17.8839
-0.171436;7.36924
1.9023;0.163715
5.90545;-0.100304
17.3236;12.3505
8.98569;-1.323
10.5193;9.48155
9.1189;1.01954
6.03974;8.72247
8.30041;15.5112
11.4701;15.8348
17.5253;1.77712
0.989326;10.6238
-0.936774;9.24087
8.3493;0.094289
9.5074;0.942266
-0.0217766;11.336
10.3115;3.88053
13.4997;-1.78304
5.78022;12.8233
12.5675;16.7659
13.5003;5.08681
8.24746;4.61921
8.10635;16.2872
15.3417;-1.59324
13.7984;8.81173
16.2416;13.3237
12.5888;-0.769082
5.9475;13.6521
10.4718;16.2968
15.7464;1.97919
-0.760935;17.7246
15.3152;11.5506
3.60511;10.8148
11.7675;11.3853
5.63814;6.33502
10.1512;1.13846
13.4218;0.398695
7.75767;3.52818
-1.31411;5.09935
3.93493;14.4843
15.9111;2.17653
9.80807;10.4999
3.40744;17.7556
6.152;15.8792
16.0524;3.89836
-0.141587;17.2914
3.62295;17.1736
10.842;9.22806
9.9884;4.60953
2.61339;17.6265
12.9446;14.7646
0.765002;8.36638
17.1633;10.5227
13.8946;17.8492
17.622;-0.170505
14.3335;15.5331
4.00602;6.14161
8.03304;9.41346
5.89717;16.185
7.29269;3.94954
2.0834;9.1511
3.24097;7.70635
8.32467;16.083
-1.06559;0.31307
2.6925;3.5478
-0.0603869;17.6371
0.312435;2.70462
8.00344;-0.524239
15.2273;3.898
-0.67502;14.8493
5.7275;15.6585
12.3824;11.7335
3.80013;2.41546
3.14698;11.6973
0.600502;12.4397
17.6468;4.68391
3.59078;2.88781
14.3903;13.9155
0.970776;15.3247
16.2285;5.66328
0.872475;-1.83187
5.30034;3.18491
2.87275;15.3038
4.66067;0.100037
1.20178;5.98565
16.9494;8.92928
3.64417;11.3318
2.6628;9.44431
15.7472;7.80978
3.14161;-1.65226
2.24946;2.78845
5.03164;7.84024
7.67626;1.4219
3.75569;10.647
-1.25343;1.98421
-1.68968;1.61905
2.15234;5.61065
6.80396;7.02509
2.91443;13.4646
9.12513;6.11621
1.45028;8.07448
17.0455;7.09445
1.40625;1.70829
-1.46124;-0.846514
11.5181;3.68037
-0.498779;15.7675
8.46882;6.53286
5.60778;-1.85492
9.95476;11.3635
10.7921;10.7013
15.3477;11.1024
14.3204;-0.49998
-1.28691;3.12434
8.52511;3.62753
-1.41103;-0.349759
11.7437;2.03924
9.72472;10.7892
11.1337;13.131
14.4975;11.6725
14.2845;8.01561
17.3528;15.7857
5.78314;7.82164
4.31854;13.3909
7.96673;16.2733
6.75439;0.758851
8.97464;4.10206
13.8613;5.29502
5.60208;14.5744
10.4194;16.1272
0.20191;11.0083
17.7774;13.9457
15.0476;9.50216
6.73489;8.18127
4.63313;3.23241
1.85372;0.91759
13.248;1.20654
-1.29673;1.03116
11.0282;5.02181
16.4221;0.994916
3.29512;5.17647
3.75377;14.2698
11.2785;-0.384941
1.56478;-1.11938
16.1894;13.9841
17.0078;-1.60865
6.99246;16.7852
14.337;4.04003
8.28741;3.07189
14.2213;14.9205
8.3043;-1.92498
17.8381;3.55232
1.28157;-1.4586
6.58349;14.3098
5.56321;5.00557
17.3047;10.8583
12.182;3.05844
7.12808;5.46057
4.6735;10.6929
6.34119;2.86294
6.677;5.349
3.25429;15.6695
4.13425;-0.408701
1.70949;14.4217
4.66319;17.9308
11.3422;14.9675
-1.99418;11.1803
0.519815;1.28739
11.7217;9.1033
17.5971;-0.715067
16.1089;16.9018
12.1433;10.2909
1.96025;1.27134
17.7515;8.63375
13.9642;6.09268
13.4967;2.6412
13.4417;-1.24901
0.310657;-0.424072
0.342285;4.02015
15.9976;7.00547
3.95095;9.33978
3.97297;3.95677
2.5201;6.49278
7.24415;16.2418
17.5961;6.84129
17.5268;15.705
5.74311;11.67
7.99587;9.70336
14.9414;7.74736
0.337112;10.9056
15.84;15.8338
15.5468;11.2817
16.5848;17.8574
12.8576;-1.07293
3.87757;10.8552
7.93255;9.82852
2.19501;13.9055
15.7853;6.71511
2.39829;5.02943
4.95693;1.99438
13.8707;4.48369
-0.300667;1.61384
-1.84629;9.6952
13.3172;15.0951
-0.557439;15.6543
8.00064;17.2826
13.4881;5.5474
10.5643;12.0729
5.40482;5.42195
13;11.2824
-1.72282;2.93253
3.1109;2.47218
-1.16196;0.896181
11.1873;3.23634
7.92561;-1.85578
7.23071;3.79634
4.62792;8.93005
7.41018;4.78163
0.625249;2.72738
1.8767;2.06781
0.381689;11.8773
1.35041;15.8698
-0.575267;13.9147
9.94271;6.82955
1.33667;4.94269
0.111934;1.61384
9.87521;5.22283
6.08602;10.7133
8.11902;-0.726685
15.9496;-1.95537
-0.58246;5.1803
3.84097;6.04546
16.1103;13.2512
12.8271;-1.2644
17.9785;16.7038
2.80341;0.36022
10.5811;6.15381
-1.76998;12.0059
2.06853;10.1727
0.835404;5.40519
17.1154;2.94734
9.01904;8.99063
10.1702;17.1051
1.70388;0.289187
-1.62163;-0.346527
0.333817;-0.204086
6.83378;6.17479
7.84137;4.94412
1.42594;2.66846
5.67972;1.40447
1.37224;10.4831
3.76469;13.9534
-1.36306;3.99471
7.95922;2.70547
16.1674;10.7946
10.1107;15.2829
15.742;1.1297
6.27349;7.91213
0.23476;9.97737
10.2013;0.613135
11.6308;12.5351
2.40905;0.464619
0.709924;12.2504
7.40874;4.13587
16.9189;15.0885
7.54034;0.291119
7.57159;13.305
16.2445;8.20853
-0.700257;6.2037
12.914;17.4672
-1.00168;5.02467
14.75;16.7403
8.15437;3.02354
6.65241;10.3891
15.0009;-1.14627
13.0023;8.63175
13.3889;17.4113
11.0964;16.0988
11.6617;0.505113
2.23466;10.5806
17.5936;11.775
12.8717;7.16517
7.08002;11.1162
17.3737;8.37977
-0.680088;12.2877
7.84695;0.318235
-0.687623;4.597
-0.941483;9.46675
9.62054;7.71093
1.85587;6.62145
8.56466;16.8581
17.2532;3.95353
16.2694;10.3496
2.05232;9.93118
12.8547;6.28698
2.51179;12.4483
0.061975;17.3835
1.61343;9.142
10.4997;0.98713
-0.478236;11.8196
15.2748;9.36872
14.1379;16.5872
15.9657;15.1964
8.05396;7.58626
4.90732;11.9098
16.2077;15.472
10.768;15.4609
1.42552;9.03742
7.81047;5.47784
0.968603;2.66515
13.7648;5.48039
17.1134;15.8268
4.86391;0.726834
6.9688;17.3636
3.71396;8.49056
11.1833;0.988802
-0.140722;7.32116
-0.423984;17.825
4.51755;9.62998
7.41126;11.4249
3.53981;5.61896
8.89687;16.3078
3.07986;12.3224
7.3452;12.8903
-0.199771;10.3138
17.5555;15.5651
17.7942;16.6689
13.3919;4.65811
-0.604273;2.36065
4.02176;5.10969
12.8512;17.205
8.09849;14.7105
6.5262;9.67451
14.5355;13.0438
1.30448;3.94674
6.46863;6.84429
11.5657;17.3655
5.15208;16.6456
11.6879;14.4973
11.5359;13.4881
6.81109;11.0914
11.0532;6.60529
9.76028;6.44502
13.2634;11.156
10.8057;-0.714844
-1.7343;5.65687
-1.5098;8.36419
2.36736;7.0164
0.0386998;-1.09716
2.06015;3.34318
4.84959;10.5288
12.1875;-1.58471
9.89428;-0.660444
17.0609;3.58217
15.8368;10.5968
-0.929721;4.64792
3.68815;12.1234
13.2532;15.4484
0.56846;8.51661
8.60443;13.3741
9.80176;8.87013
1.031;10.292
-0.765676;5.39836
-0.691643;1.27302
6.3012;3.36851
6.61621;13.1508
15.8973;0.803688
13.5661;7.79158
2.14324;12.6269
13.3737;-0.019921
5.22369;14.444
6.628;10.9118
8.56747;1.88121
8.36026;11.1359
12.3978;-1.0353
6.51005;4.19957
9.83483;9.54105
16.4915;11.0692
16.9394;17.7999
14.3422;5.24061
3.1684;2.95839
0.391394;1.0657
5.76208;15.9575
10.8573;9.90532
10.5844;6.23102
11.8854;17.8081
2.67505;0.5134
10.7199;13.2425
4.39461;1.08019
6.37845;-1.20758
2.04489;14.8885
4.99199;13.8797
6.42955;3.48352
6.94888;5.36896
3.28341;3.29106
12.6096;8.45181
8.24945;15.001
11.5175;16.0115
12.9584;4.37479
7.91685;5.54283
12.6058;1.80225
5.35092;17.2809
4.31565;-1.92915
12.5234;10.7103
1.15105;0.901823
11.5027;5.19594
17.7903;-1.50533
1.07567;6.21988
3.97819;10.0245
13.5888;9.2616
15.3156;8.19841
-0.286582;5.56507
5.19937;13.2309
3.5766;0.1578
-0.394284;13.4934
7.70063;14.2115
17.2957;15.0516
13.4924;3.61135
15.1224;8.01576
16.3216;-1.72654
10.9176;9.82429
5.4694;10.7079
10.319;8.54507
-1.07222;16.2971
0.569615;14.5166
7.55875;17.8852
4.71502;9.27217
5.45029;11.9144
4.5031;11.0269
14.0722;6.10881
6.52034;3.77282
2.32034;5.81604
0.824382;17.8127
11.4274;17.9468
7.82847;9.74901
-1.77975;0.746052
1.57329;5.68965
13.454;13.8923
16.2347;14.3817
12.1894;-1.19567
10.8984;1.74814
-1.31044;17.6134
13.0203;6.13985
11.5278;-0.476592
-0.833259;7.59996
7.63222;7.68708
13.3728;11.9526
15.5031;16.1972
11.7653;8.93051
16.144;1.59375
0.679515;16.3642
4.3398;4.25281
4.05387;-0.206247
0.14506;2.28859
16.1755;14.3345
3.09292;9.07384
-1.9174;3.78248
8.68722;13.1029
11.9223;2.21499
14.6263;13.0891
11.815;4.25854
2.77615;7.18774
-1.7889;0.279266
5.38491;11.9764
11.2098;3.52888
15.5701;13.8893
1.89309;1.90991
0.1421;7.94696
3.70367;2.28716
12.2355;1.87915
-1.37838;17.3285
12.953;-1.29578
3.11094;3.64022
13.8071;17.0333
7.85521;10.4334
12.1223;1.67016
16.692;16.8985
10.8579;16.9031
-0.822235;-1.75719
10.8795;12.3875
3.77169;8.44957
8.27683;7.66478
12.3595;10.4189
17.6117;-1.93685
14.7061;11.8473
1.9423;15.3277
11.1758;16.8953
16.0319;16.2867
2.53552;11.839
15.32;12.3907
4.27249;9.44232
16.0609;2.96448
8.34082;8.91879
1.86756;9.51858
9.1616;14.747
3.90612;14.9333
5.19659;14.183
4.59807;-0.443932
6.60188;4.20981
-0.380784;3.30797
-1.9429;3.56152
0.63568;11.2328
2.45682;-1.3324
9.51954;6.99233
12.5066;6.83952
1.38306;-1.22086
-1.71816;-0.556057
3.74362;8.62265
10.3627;7.61119
0.141238;1.52433
4.3582;6.04736
-1.54237;11.5548
2.23032;5.0557
13.1109;10.8322
11.2655;14.7301
16.1402;11.3226
0.29159;-1.22415
4.55546;4.74841
-0.556546;16.075
13.7407;13.9501
4.91452;17.1238
14.7292;5.19636
-1.43225;0.472863
15.819;10.9305
10.084;17.9602
14.4548;16.4422
6.00761;14.9124
9.99704;10.2379
1.96814;5.10789
3.07012;15.2336
1.83796;1.2103
8.55626;4.12955
1.98615;15.1117
10.878;3.42961
13.1867;6.61871
-0.620293;0.101244
5.74251;16.1089
7.2976;6.31025
-1.41819;5.11661
-0.759268;10.6659
5.07686;15.6955
9.10811;13.0845
12.608;1.10515
5.32239;16.5761
8.21304;10.3925
13.8098;12.051
13.6028;4.36603
-1.81945;17.589
1.47775;11.0585
