0;1160
0;677
0;1654
0;878
0;1430
1;334
1;2440
1;269
1;1372
1;911
2;1297
2;2873
2;1245
2;565
2;561
3;2340
3;1389
3;1707
3;2090
3;1787
4;2582
4;1243
4;2361
4;671
4;461
5;709
5;1456
5;2123
5;2700
5;1195
6;229
6;853
6;1474
6;682
6;1532
7;415
7;2438
7;547
7;1771
7;990
8;407
8;2195
8;1303
8;809
8;739
9;1269
9;425
9;825
9;2259
9;719
10;218
10;2897
10;513
10;2250
10;1818
11;2690
11;2349
11;923
11;2263
11;2146
12;2958
12;1211
12;2765
12;2931
12;1018
13;2629
13;260
13;559
13;628
13;2187
14;1801
14;714
14;294
14;1836
14;1023
15;2833
15;2522
15;2987
15;1260
15;2510
16;2423
16;2293
16;836
16;732
16;2071
17;2304
17;2143
17;957
17;2755
17;1369
18;2953
18;571
18;1332
18;454
18;1330
19;2518
19;2669
19;2904
19;1594
19;2150
20;2571
20;181
20;1419
20;1717
20;118
21;1854
21;2371
21;1241
21;1880
21;1810
22;1201
22;1133
22;2633
22;1539
22;1238
23;2718
23;854
23;501
23;2378
23;54
24;2803
24;937
24;915
24;1680
24;955
25;370
25;2844
25;2608
25;700
25;2089
26;857
26;987
26;1085
26;733
26;569
27;2825
27;2017
27;2350
27;2190
27;2478
28;1843
28;1804
28;2875
28;225
28;2530
29;1677
29;359
29;1721
29;638
29;585
30;135
30;241
30;2306
30;2311
30;2390
31;1664
31;2136
31;2971
31;2852
31;1047
32;1803
32;2265
32;939
32;984
32;460
33;2485
33;153
33;1644
33;1425
33;217
34;2387
34;2170
34;595
34;1165
34;303
35;1796
35;1166
35;1826
35;669
35;981
36;2902
36;2155
36;765
36;2632
36;963
37;2943
37;2267
37;1781
37;383
37;2273
38;1623
38;2955
38;1162
38;1560
38;629
39;728
39;2703
39;1511
39;743
39;2806
40;1514
40;1757
40;291
40;1299
40;2932
41;2556
41;745
41;397
41;2309
41;494
42;1672
42;2296
42;1947
42;2114
42;226
43;1258
43;1035
43;1791
43;2585
43;1485
44;211
44;2525
44;1995
44;1742
44;361
45;2079
45;2088
45;1071
45;499
45;2729
46;443
46;1130
46;1722
46;1483
46;2840
47;2101
47;1452
47;1214
47;790
47;658
48;2232
48;1531
48;582
48;1062
48;2322
49;381
49;166
49;1045
49;450
49;2558
50;2324
50;2348
50;1458
50;2793
50;2391
51;2372
51;791
51;2636
51;2776
51;2572
52;1970
52;895
52;2846
52;1565
52;961
53;257
53;2549
53;2786
53;1509
53;496
54;514
54;854
54;1907
54;2553
55;2732
55;1636
55;99
55;2985
55;972
56;2635
56;1050
56;1418
56;2252
56;1973
57;2478
57;2174
57;914
57;314
57;500
58;1780
58;367
58;1705
58;1083
58;1072
59;2161
59;615
59;2948
59;2613
59;1958
60;1599
60;1600
60;2684
60;1067
60;2922
61;2981
61;2623
61;2109
61;2586
61;2141
62;475
62;2950
62;2236
62;1866
62;991
63;162
63;200
63;416
63;1034
63;179
64;627
64;1153
64;2464
64;2194
64;1731
65;818
65;2545
65;2484
65;1363
65;459
66;2094
66;847
66;1545
66;1413
66;680
67;1009
67;2275
67;621
67;1918
67;466
68;600
68;2727
68;2025
68;1283
68;1059
69;1986
69;1069
69;1977
69;2713
69;2526
70;2294
70;1505
70;727
70;1643
70;998
71;2858
71;1949
71;759
71;2536
71;598
72;1670
72;1782
72;223
72;164
72;575
73;2736
73;1695
73;1404
73;2716
73;788
74;2264
74;936
74;2889
74;1373
74;1683
75;979
75;1099
75;384
75;2281
75;411
76;2189
76;2424
76;1325
76;2082
76;2036
77;916
77;776
77;2976
77;1473
77;2044
78;2616
78;2965
78;2448
78;1924
78;132
79;145
79;93
79;453
79;2282
79;1205
80;2559
80;1126
80;1773
80;1353
80;1701
81;1580
81;837
81;730
81;804
81;445
82;2980
82;508
82;2612
82;2534
82;1670
83;2450
83;2213
83;2929
83;784
83;504
84;986
84;1447
84;2129
84;1145
84;1075
85;866
85;2177
85;1469
85;1633
85;919
86;2164
86;1960
86;2874
86;386
86;910
87;1289
87;1726
87;2856
87;123
87;2230
88;868
88;1564
88;1301
88;159
88;1281
89;2774
89;140
89;1601
89;1996
89;1749
90;1553
90;537
90;1106
90;2731
90;588
91;1533
91;2604
91;2579
91;656
91;2977
92;395
92;264
92;362
92;2779
92;2412
93;2282
93;145
93;329
93;453
94;421
94;611
94;1872
94;418
94;2767
95;813
95;1954
95;120
95;256
95;2394
96;337
96;2157
96;2270
96;1841
96;1996
97;1317
97;2414
97;1567
97;2019
97;2940
98;1552
98;2580
98;2757
98;706
98;2728
99;2732
99;972
99;1636
99;697
100;483
100;2010
100;228
100;2895
100;236
101;1398
101;2088
101;499
101;324
101;45
102;1042
102;2486
102;1322
102;1548
102;1647
103;507
103;1070
103;1507
103;563
103;152
104;1596
104;917
104;1572
104;578
104;189
105;1655
105;1351
105;1064
105;1775
105;1459
106;2500
106;2278
106;1908
106;2468
106;372
107;173
107;1336
107;287
107;1678
107;2872
108;1529
108;2207
108;1439
108;884
108;602
109;2872
109;1678
109;645
109;282
109;1786
110;1964
110;297
110;2163
110;1175
110;702
111;2363
111;816
111;1037
111;2351
111;2208
112;1615
112;1777
112;578
112;2343
112;1572
113;2851
113;890
113;2318
113;995
113;2920
114;2639
114;2081
114;1032
114;2869
114;1419
115;734
115;2728
115;2848
115;706
115;1202
116;328
116;444
116;1298
116;2252
116;394
117;1755
117;2359
117;2989
117;2490
117;2796
118;2571
118;840
118;1889
118;1276
119;2551
119;663
119;1041
119;1852
119;2313
120;2394
120;813
120;1675
120;1292
121;125
121;1906
121;2934
121;2596
121;2857
122;1108
122;2578
122;2472
122;2761
122;1925
123;1726
123;1289
123;2230
123;1989
124;1308
124;249
124;239
124;330
124;1388
125;1906
125;2857
125;2934
125;1635
126;1109
126;1053
126;1689
126;2563
126;2058
127;891
127;1104
127;596
127;2359
127;1320
128;855
128;2091
128;654
128;1496
128;1066
129;1743
129;2063
129;1065
129;433
129;1552
130;2516
130;1811
130;286
130;1167
130;1307
131;2386
131;438
131;1281
131;1961
131;1293
132;2965
132;2789
132;2098
132;2616
133;777
133;2739
133;1860
133;2360
133;1752
134;2839
134;1470
134;1648
134;344
134;2763
135;241
135;2306
135;2311
135;2390
136;1212
136;1630
136;2706
136;1528
136;1136
137;2893
137;2402
137;1571
137;2380
137;2745
138;520
138;926
138;2277
138;2740
138;471
139;2660
139;929
139;149
139;2794
139;2964
140;1749
140;387
140;2774
140;984
141;209
141;2556
141;494
141;397
141;41
142;2097
142;2996
142;349
142;515
142;1317
143;760
143;769
143;2789
143;2098
143;1924
144;2714
144;2511
144;455
144;2666
144;202
145;453
145;2282
145;329
146;1451
146;852
146;2173
146;2811
146;376
147;221
147;2942
147;1011
147;1987
147;608
148;1881
148;2543
148;160
148;1401
148;1148
149;929
149;2523
149;951
149;1265
150;1963
150;1956
150;2834
150;2871
150;2059
151;2815
151;2843
151;2154
151;872
151;2881
152;1180
152;1070
152;1179
152;507
153;2110
153;1425
153;1830
153;1056
154;2793
154;50
154;2391
154;1458
154;2348
155;714
155;1801
155;14
155;59
155;615
156;1334
156;573
156;2117
156;2883
156;2007
157;807
157;2788
157;170
157;2994
157;1304
158;2890
158;2017
158;2825
158;1067
158;2350
159;447
159;1301
159;2587
159;1564
160;2543
160;1881
160;359
160;1401
161;479
161;1842
161;2024
161;2938
161;2898
162;416
162;2353
162;200
162;1034
163;824
163;275
163;2887
163;886
163;1886
164;1895
164;1450
164;1208
164;170
165;1359
165;1055
165;1039
165;2892
165;2921
166;1045
166;1812
166;252
166;1467
167;1105
167;974
167;1481
167;976
167;2501
168;2480
168;2580
168;1552
168;756
168;2063
169;554
169;2289
169;1348
169;1681
169;1554
170;1450
170;2219
170;1895
170;1208
171;2225
171;1257
171;1007
171;2513
171;538
172;2743
172;1090
172;1861
172;1149
172;967
173;2678
173;640
173;2872
173;1678
174;2766
174;502
174;1183
174;2749
174;835
175;833
175;2505
175;1270
175;1278
175;474
176;2142
176;1862
176;1463
176;317
176;2930
177;2075
177;215
177;2828
177;1044
177;194
178;534
178;2465
178;319
178;1404
178;788
179;2033
179;648
179;200
179;416
180;2695
180;2957
180;301
180;2566
180;2103
181;2244
181;2571
181;2279
181;1864
182;1616
182;201
182;321
182;2456
182;1802
183;2544
183;1113
183;1590
183;2169
183;708
184;1758
184;2436
184;880
184;2506
184;2374
185;1060
185;872
185;208
185;1366
185;2102
186;968
186;1525
186;1517
186;1082
186;347
187;1778
187;2025
187;2781
187;1283
187;2471
188;1275
188;1607
188;826
188;2182
188;579
189;1596
189;1065
189;2063
189;1572
190;2682
190;2508
190;1634
190;1300
190;2961
191;2621
191;744
191;2320
191;2927
191;161
192;844
192;790
192;1214
192;1452
192;1568
193;240
193;2978
193;1231
193;2493
193;601
194;736
194;1044
194;2828
194;215
194;1149
195;2597
195;943
195;2241
195;1921
195;580
196;1219
196;1469
196;1766
196;1010
196;85
197;2666
197;202
197;1168
197;2511
197;1645
198;2202
198;1510
198;2219
198;2022
198;1979
199;2362
199;456
199;2610
199;2299
199;2843
200;416
200;1488
201;321
201;1616
201;2456
201;235
202;2666
202;2511
202;1168
202;2714
203;2092
203;391
203;1004
203;2356
203;1821
204;272
204;1445
204;1870
204;2783
204;1884
205;2435
205;829
205;1666
205;311
205;2930
206;2734
206;292
206;2624
206;1873
206;2055
207;959
207;2894
207;2249
207;1342
207;1382
208;1366
208;2102
208;1767
208;1060
209;2556
209;397
209;494
209;41
210;1597
210;1048
210;1920
210;2054
210;1236
211;1995
211;2939
211;411
211;1099
212;881
212;751
212;2878
212;1569
212;1345
213;1609
213;215
213;2186
213;177
213;2075
214;2431
214;2167
214;789
214;403
214;2687
215;2075
215;2828
215;1044
216;2798
216;346
216;1272
216;2552
216;1415
217;951
217;1200
217;2854
217;149
217;2226
218;2897
218;513
218;2250
218;1818
219;2410
219;657
219;2650
219;1195
219;634
220;2336
220;2494
220;1313
220;409
220;1157
221;2691
221;1494
221;1545
221;1987
222;2995
222;528
222;542
222;2925
222;996
223;1782
223;2409
223;1094
223;2946
224;1462
224;2643
224;713
224;1374
224;2320
225;2530
225;1843
225;1107
225;1370
225;1804
226;1922
226;1001
226;1672
226;1562
227;2266
227;1234
227;564
227;1030
227;1355
228;236
228;1340
228;483
228;418
229;682
229;1532
229;853
229;1474
230;533
230;1092
230;1521
230;247
230;2253
231;1628
231;1057
231;1798
231;350
231;1832
232;878
232;1197
232;1654
232;884
232;677
233;1620
233;318
233;617
233;316
233;448
234;432
234;1033
234;2153
234;1834
234;2064
235;1430
235;969
235;677
235;321
236;1340
236;418
236;2452
237;2124
237;2769
237;2069
237;2132
237;2941
238;1026
238;1967
238;1137
238;2640
238;2775
239;2049
239;1383
239;1308
239;1701
240;1956
240;2834
240;2978
240;1231
241;2306
241;2311
241;2390
242;592
242;673
242;280
242;726
242;920
243;1127
243;2030
243;2152
243;274
243;1817
244;1753
244;2160
244;305
244;2135
244;2648
245;1123
245;2162
245;1713
245;2970
245;848
246;2165
246;2823
246;526
246;2127
246;1578
247;1521
247;1393
247;1751
247;1092
248;1491
248;428
248;742
248;1957
248;1629
249;330
249;1102
249;1308
249;1909
250;694
250;581
250;2802
250;1186
250;2183
251;2388
251;2227
251;2238
251;731
251;1972
252;1467
252;1045
252;1812
252;964
253;2200
253;282
253;2080
253;738
253;446
254;1568
254;2251
254;2003
254;844
254;2521
255;1114
255;1536
255;2658
255;945
255;317
256;1954
256;2584
256;2708
256;813
257;2549
257;2786
257;2697
257;2988
258;722
258;683
258;1341
258;1622
258;766
259;2443
259;2782
259;1876
259;748
259;587
260;2629
260;628
260;559
260;522
261;1637
261;1434
261;601
261;1231
261;2560
262;1184
262;2896
262;1812
262;1727
262;1358
263;582
263;2232
263;1205
263;803
263;513
264;2779
264;1119
264;395
264;1857
264;1839
265;326
265;1349
265;2162
265;1123
265;245
266;889
266;519
266;624
266;976
266;505
267;340
267;906
267;2004
267;1506
267;1933
268;1935
268;999
268;488
268;2991
268;1697
269;1295
269;770
269;1360
269;2440
270;2471
270;1550
270;1274
270;905
270;2401
271;902
271;2832
271;2618
271;1435
271;1549
272;1870
272;2783
272;1445
272;1584
273;2035
273;1980
273;1000
273;2677
273;2339
274;1817
274;2864
274;2030
274;375
274;1848
275;824
275;2887
275;1886
275;2146
276;1978
276;2479
276;1789
276;1841
276;2816
277;910
277;1863
277;1960
277;2164
277;86
278;862
278;1657
278;2550
278;2009
278;701
279;1651
279;2070
279;372
279;1734
279;1579
280;673
280;920
280;1570
280;726
281;865
281;1119
281;991
281;1652
281;2779
282;2200
282;2801
282;2080
283;2455
283;1679
283;1004
283;2356
283;1471
284;2565
284;2982
284;952
284;2181
284;2447
285;2760
285;2039
285;1594
285;2669
285;2699
286;2516
286;1307
286;1167
286;1811
287;1336
287;2637
287;1896
287;751
288;527
288;1027
288;474
288;1278
288;774
289;2973
289;2913
289;678
289;1224
289;2886
290;1857
290;1839
290;721
290;1078
290;2652
291;2754
291;2932
291;1299
291;1514
292;1873
292;2624
292;2734
292;1809
293;1690
293;657
293;1256
293;1815
293;1195
294;1836
294;2853
294;1801
294;2377
295;1520
295;2093
295;894
295;946
295;2339
296;1739
296;2262
296;2427
296;2822
296;2733
297;1175
297;702
297;1593
297;795
298;1829
298;487
298;2906
298;1018
298;12
299;2810
299;2420
299;2908
299;2163
299;758
300;2570
300;1723
300;1658
300;1974
300;2935
301;2957
301;2103
301;2555
301;1586
302;394
302;1191
302;572
302;1934
302;116
303;1062
303;931
303;595
303;2387
304;1311
304;2149
304;2863
304;1736
304;958
305;306
305;2160
305;1973
305;1753
306;1973
306;1050
306;2553
306;2160
307;2938
307;744
307;2024
307;928
307;412
308;856
308;2742
308;960
308;2804
308;2370
309;1230
309;1904
309;559
309;1210
309;925
310;1101
310;2326
310;1641
310;1604
310;1776
311;2838
311;1443
311;1718
311;1666
311;1770
312;1807
312;1485
312;686
312;2650
312;1035
313;688
313;2426
313;1867
313;1446
313;2827
314;500
314;1913
314;1699
314;324
315;692
315;907
315;2877
315;738
315;2069
316;1702
316;318
316;2472
316;2217
317;2658
317;829
317;1463
317;2142
317;1114
318;1702
318;2217
318;1620
319;2465
319;1404
319;534
319;788
320;805
320;2316
320;1872
320;440
320;1086
321;1616
321;2456
322;2224
322;2081
322;1591
322;2106
322;2630
323;2867
323;1310
323;1683
323;413
323;2715
324;690
324;2820
324;1398
324;1834
324;2488
325;2319
325;1929
325;2005
325;2233
325;993
326;2162
326;1123
326;245
326;848
327;1730
327;1943
327;478
327;399
327;1131
328;1298
328;1527
328;2444
328;444
329;2062
329;2282
329;79
330;1388
330;1475
330;1308
330;1927
331;1656
331;2524
331;1825
331;2919
331;1485
332;2392
332;493
332;2383
332;348
332;1921
333;2590
333;1048
333;398
333;1424
333;2900
334;1372
334;911
334;822
334;2029
335;1300
335;696
335;338
335;2682
335;431
336;1319
336;2916
336;982
336;1715
336;2905
337;2157
337;1996
337;2774
337;1324
338;696
338;2029
338;538
338;1300
339;1899
339;935
339;707
339;1386
339;1160
340;2004
340;2908
340;1482
340;2420
341;1879
341;2006
341;2737
341;522
341;260
342;2474
342;2575
342;1002
342;2514
342;1878
343;570
343;1727
343;2147
343;1184
343;95
344;1648
344;2028
344;1952
344;2839
344;407
345;752
345;1384
345;851
345;1793
345;1110
346;1415
346;1614
346;1272
346;1799
346;1850
347;1517
347;354
347;1525
347;968
348;1921
348;195
348;1294
348;2597
349;2097
349;2996
349;513
349;1349
350;1832
350;1354
350;1628
350;1530
351;2066
351;2150
351;1210
351;1594
351;1904
352;1036
352;1459
352;1587
352;586
352;560
353;2886
353;1224
353;883
353;2588
353;1746
354;1517
354;968
354;1082
354;186
355;913
355;971
355;551
355;2758
355;1945
356;2533
356;2078
356;2585
356;1791
356;1035
357;495
357;1794
357;2107
357;1024
357;2396
358;366
358;2785
358;1350
358;2675
358;1158
359;363
359;2543
359;1881
360;2176
360;768
360;2111
360;1781
360;383
361;1742
361;2525
361;2773
361;1995
362;574
362;2564
362;650
362;1019
363;2366
363;160
363;2440
363;2543
364;2694
364;2258
364;1178
364;2453
364;480
365;2512
365;1985
365;2944
365;524
365;2748
366;2675
366;1158
366;2979
366;2785
367;1780
367;1083
367;1705
367;1072
368;2140
368;619
368;2439
368;2889
368;2264
369;1121
369;624
369;641
369;1084
369;505
370;2608
370;700
370;2844
370;2089
371;2131
371;2270
371;2866
371;2604
371;800
372;2070
372;1651
372;2260
372;1734
373;876
373;1232
373;2077
373;1785
373;2098
374;2032
374;1518
374;458
374;2315
374;1079
375;2864
375;1437
375;973
375;579
376;2173
376;1329
376;1451
376;2692
376;1420
377;1888
377;1433
377;799
377;569
377;857
378;970
378;1301
378;868
378;2587
378;399
379;815
379;1915
379;2497
379;823
379;2768
380;1076
380;1756
380;2923
380;2845
380;1134
381;450
381;166
381;2558
381;1045
382;1499
382;2677
382;789
382;273
382;2035
383;2267
383;1757
383;2111
383;768
383;1781
384;2281
384;908
384;1378
384;979
384;1099
385;2733
385;1315
385;2791
385;460
385;2822
386;2441
386;1684
386;2969
386;2874
387;679
387;1749
387;2770
387;2027
387;2159
388;828
388;1741
388;1607
388;826
388;2837
389;1291
389;1988
389;1764
389;1408
389;1813
390;1709
390;909
390;731
390;2227
390;1215
391;2356
391;1004
391;2092
391;2455
392;787
392;1905
392;2702
392;2592
392;2297
393;2161
393;2613
393;2903
393;1958
393;2948
394;1191
394;572
394;1934
395;2779
395;1119
395;1857
396;1649
396;652
396;555
396;2013
396;150
397;2556
397;2309
397;2915
398;2198
398;1048
398;2590
398;2462
399;484
399;970
399;1730
399;986
400;1632
400;406
400;521
400;1875
400;1901
401;2752
401;2976
401;2044
401;916
401;616
402;1431
402;2785
402;1350
402;553
402;1904
403;789
403;2687
403;2431
403;2835
404;1516
404;896
404;2454
404;1556
404;1163
405;1957
405;1491
405;248
405;2906
405;742
406;1632
406;1901
406;1875
406;885
407;809
407;1303
407;2028
408;1428
408;2047
408;1249
408;1476
408;1082
409;2494
409;858
409;2336
409;1313
410;1835
410;867
410;1822
410;1511
410;2907
411;1099
411;2175
411;2939
411;1995
412;1853
412;1711
412;2756
412;2641
413;1310
413;2867
413;1744
413;2715
414;2091
414;654
414;1693
414;2865
414;128
415;2438
415;547
415;1771
415;990
416;1488
416;2353
417;2437
417;1145
417;1447
417;518
417;1115
418;2452
418;2767
418;2214
419;2406
419;2068
419;2739
419;777
419;133
420;566
420;864
420;2945
420;1528
420;795
421;611
421;1038
421;1872
421;2214
422;2862
422;1562
422;1602
422;1262
422;2681
423;2749
423;1213
423;2487
423;2710
423;502
424;2572
424;2636
424;2762
424;2776
424;1744
425;2259
425;510
425;1465
425;1269
426;2963
426;2979
426;2548
426;2649
426;886
427;2269
427;1288
427;1183
427;870
427;1006
428;742
428;1629
428;1491
428;1957
429;1688
429;1698
429;2527
429;308
429;856
430;1810
430;1047
430;2852
430;31
430;1838
431;467
431;1133
431;1238
431;22
432;1033
432;2153
432;1834
432;2064
433;1743
433;2706
433;1528
433;1065
434;735
434;1997
434;2425
434;2184
434;599
435;2300
435;1735
435;1244
435;1365
435;763
436;1390
436;2083
436;539
436;549
436;691
437;1225
437;2466
437;599
437;2118
437;1598
438;1115
438;2386
438;642
438;2129
439;1040
439;2009
439;2702
439;1905
439;787
440;1872
440;2114
440;1947
440;2296
440;1038
441;1367
441;2849
441;933
441;1716
441;1534
442;1847
442;1385
442;2625
442;2880
442;1925
443;2840
443;1130
443;1722
443;1383
444;2252
444;1298
444;1418
445;2659
445;730
445;672
445;2605
445;793
446;610
446;640
446;173
446;2200
447;1301
447;2587
447;88
447;1564
448;617
448;1177
448;1707
448;87
449;2373
449;1866
449;475
449;62
449;2236
450;1356
450;2215
450;798
450;2313
451;1884
451;2783
451;204
451;1725
451;272
452;1306
452;2680
452;2475
452;1544
452;1783
453;2282
453;950
454;1330
454;2288
454;2953
454;571
455;2714
455;1551
455;2511
455;1645
456;2362
456;1246
456;2299
456;1540
457;2289
457;1681
457;1930
457;169
457;962
458;1386
458;1874
458;2032
458;1518
458;2315
459;2545
459;2645
459;818
459;2484
460;2791
460;1537
460;2733
460;2822
461;2222
461;2361
461;1243
461;323
462;1218
462;701
462;1708
462;2009
462;862
463;2998
463;2235
463;1005
463;2892
463;2921
464;2233
464;2628
464;2005
464;1674
464;2799
465;1396
465;874
465;2418
465;44
465;2525
466;2159
466;1063
466;1918
466;1098
466;679
467;335
467;2771
467;1133
467;1238
468;2787
468;2061
468;1112
468;761
468;1077
469;2557
469;477
469;2284
469;2655
469;47
470;2327
470;1221
470;1669
470;1809
470;1873
471;2740
471;926
471;520
471;2277
472;2529
472;597
472;848
472;1713
472;773
473;1391
473;529
473;1560
473;655
473;1162
474;1278
474;1027
474;527
474;2722
475;1866
475;2950
475;2373
476;988
476;863
476;2795
476;915
476;1680
477;2284
477;1665
477;1387
477;2557
478;1131
478;1943
478;2058
478;234
479;1842
479;576
479;1125
479;2898
480;1237
480;1788
480;2855
480;2141
481;2560
481;1206
481;945
481;2376
481;605
482;2600
482;773
482;1682
482;2015
482;597
483;2895
483;2010
483;2214
483;236
484;986
484;1075
484;970
484;1730
485;662
485;2947
485;754
485;667
485;2821
486;2285
486;832
486;2243
486;1416
486;792
487;1829
487;2906
487;1799
487;1502
488;1935
488;1697
488;1152
488;2994
489;632
489;820
489;2462
489;1640
489;2046
490;2045
490;899
490;1209
490;590
490;2725
491;2011
491;570
491;2896
491;2111
491;1184
492;2342
492;2709
492;2344
492;1671
492;2303
493;2383
493;2392
493;1759
493;771
494;2556
494;1479
495;1794
495;2107
495;1024
495;2396
496;1376
496;2786
496;1675
496;2394
496;1548
497;1968
497;1302
497;626
497;1198
497;1820
498;2859
498;2132
498;1957
498;1629
498;1491
499;2088
499;2079
499;1398
500;1913
500;1699
500;914
501;2378
501;1591
501;2540
501;2630
502;1183
502;2766
502;2749
503;2450
503;83
503;2929
503;784
503;504
504;2929
504;2213
504;2450
504;2351
504;1037
505;519
505;1093
505;2346
505;624
505;1159
506;918
506;2750
506;695
506;732
506;797
507;1070
507;1091
507;1180
508;2980
508;646
508;1094
508;2534
509;1969
509;1465
509;2747
509;719
509;1883
510;1465
510;1969
510;1334
510;2117
510;573
511;1864
511;1150
511;1613
511;2476
511;2328
512;1685
512;2052
512;2611
512;1155
512;859
513;2897
513;2097
513;1818
514;854
514;1907
514;2553
514;1760
515;1658
515;2570
515;2935
515;1317
516;1816
516;1933
516;906
516;1506
516;2992
517;2100
517;2280
517;1928
517;1316
517;2670
518;2481
518;1513
518;2492
518;1877
519;889
519;624
519;976
520;926
520;2740
520;2277
521;1632
521;609
521;406
521;608
522;2006
522;1111
522;1262
522;925
523;1912
523;2608
523;2089
523;700
523;2844
524;2099
524;2748
524;2944
524;1235
525;839
525;1252
525;765
525;2155
525;2902
526;1468
526;2458
526;2165
526;1631
527;1027
527;774
527;1278
528;2995
528;2925
528;996
528;871
529;1560
529;1391
529;1162
529;1868
530;2918
530;1340
530;2156
530;1595
530;2298
531;1611
531;2166
531;1558
531;2952
531;698
532;904
532;661
532;1158
532;1719
532;2347
533;1092
533;1521
533;1392
533;247
534;2465
534;788
534;1404
535;1058
535;1538
535;2735
535;1573
535;869
536;1309
536;2040
536;2772
536;2741
536;1002
537;1553
537;588
537;2606
537;1106
538;2225
538;1238
538;2029
538;2240
539;2083
539;1390
539;920
539;673
540;584
540;785
540;2796
540;117
540;2989
541;2726
541;750
541;2384
541;2323
541;792
542;1515
542;2995
542;996
542;1691
543;794
543;1849
543;1802
543;1508
543;1694
544;2434
544;1676
544;1797
544;1700
544;1271
545;2668
545;2698
545;1216
545;1551
545;1971
546;1124
546;1200
546;2013
546;2622
546;1056
547;990
547;2438
547;1771
547;1792
548;2762
548;1031
548;2572
548;1687
548;424
549;691
549;1220
549;2083
549;892
550;796
550;2620
550;1364
550;1911
550;2506
551;913
551;1945
551;1118
551;2552
552;2046
552;2037
552;749
552;1263
552;1576
553;1938
553;2699
553;1316
553;1928
553;1946
554;1348
554;1554
554;2289
554;1432
555;2013
555;1649
555;1617
555;1982
555;2622
556;2954
556;2391
556;2674
556;2324
556;2215
557;1222
557;2014
557;1247
557;1178
557;1929
558;797
558;695
558;2274
558;918
558;506
559;2629
559;628
559;1904
559;2187
560;586
560;1587
560;1036
560;1346
561;2499
561;1273
561;565
561;2457
561;1427
562;2175
562;873
562;411
562;211
562;1174
563;1507
563;2169
563;2544
563;1335
564;1234
564;1976
564;2266
564;1412
565;1273
565;2499
565;2375
565;2074
566;2945
566;795
566;1608
566;702
567;1267
567;1563
567;2464
567;2317
567;1153
568;985
568;2661
568;675
568;1052
568;1503
569;1433
569;857
569;1888
569;733
570;1184
570;1727
570;2896
571;2953
571;1020
571;1332
571;1542
572;1934
572;1181
572;1754
573;1334
573;2117
573;2883
574;2564
574;650
574;1866
574;449
575;1670
575;2202
575;198
575;1882
576;1125
576;1842
576;2898
576;1473
577;2421
577;1927
577;1318
577;2357
577;1805
578;917
578;1615
578;1572
579;973
579;1437
579;1275
579;2312
580;1294
580;943
580;877
580;2597
581;2183
581;1227
581;694
581;1526
582;2232
582;1349
582;265
583;2192
583;2992
583;1175
583;110
583;297
584;2796
584;785
584;117
584;1104
585;638
585;1721
585;620
585;2573
586;1587
586;1036
586;1459
587;1876
587;1936
587;947
587;2171
587;2866
588;2606
588;1553
588;2504
589;2469
589;2627
589;1072
589;2301
589;1724
590;1209
590;899
590;1392
590;812
591;635
591;1373
591;1703
591;2477
591;2683
592;891
592;726
592;1104
592;673
593;887
593;1346
593;2583
593;724
593;2354
594;1368
594;1381
594;2763
594;681
594;435
595;2387
595;2170
595;1165
596;1320
596;2368
596;2359
596;2719
597;2529
597;773
597;848
597;2308
598;1251
598;2536
598;1886
598;2858
598;2146
599;2184
599;1997
599;2118
599;1225
599;2466
600;2727
600;2025
600;1141
600;1059
601;2561
601;1434
601;1637
601;1231
602;1598
602;1631
602;2466
602;2458
602;1225
603;1061
603;1445
603;2261
603;2176
603;2584
604;2626
604;1193
604;1831
604;2338
604;1194
605;2376
605;1650
605;687
605;1624
606;1401
606;1951
606;901
606;1856
606;2366
607;2826
607;2949
607;2393
607;1403
607;2302
608;609
608;1285
608;2942
609;2942
609;1285
609;1632
610;640
610;173
610;2678
610;2872
611;1038
611;1872
611;440
612;1792
612;1863
612;990
612;1771
612;910
613;2182
613;739
613;826
613;1303
613;1271
614;2491
614;2946
614;1343
614;1029
614;2409
615;2161
615;2948
615;1958
615;393
616;2924
616;1141
616;600
616;2752
617;1177
617;1620
617;87
618;821
618;2814
618;1940
618;1696
618;1078
619;2439
619;2753
619;1024
619;2140
620;638
620;1721
620;1292
620;1675
621;1918
621;1009
621;1482
621;267
622;801
622;2122
622;2276
622;2777
622;1399
623;1885
623;277
623;648
623;910
623;2033
624;1121
625;1784
625;922
625;1671
625;2812
625;1327
626;1240
626;2425
626;1968
626;1820
627;1068
627;1931
627;2464
627;1731
628;2629
628;2187
629;1442
629;1787
629;1389
629;2745
629;2380
630;2208
630;993
630;2967
630;2005
630;2319
631;2193
631;2575
631;877
631;643
631;2474
632;2462
632;820
632;2037
632;2046
633;653
633;1817
633;2903
633;2613
633;2030
634;2650
634;2410
634;783
634;1660
634;1807
635;1703
635;1823
635;2065
635;2477
636;1464
636;655
636;2792
636;2043
636;1391
637;2345
637;2427
637;1725
637;2262
637;2724
638;1721
638;2573
639;1892
639;2885
639;2072
639;2646
639;2638
640;2678
640;2872
641;1084
641;1121
641;1321
641;1093
642;2325
642;1115
642;1293
642;2437
643;1498
643;2656
643;1088
643;877
644;1489
644;2823
644;2228
644;1198
644;626
645;1786
645;1678
645;2872
645;2801
646;1021
646;2980
646;2534
646;2126
647;1493
647;1930
647;1820
647;2210
647;1302
648;2033
648;1885
648;658
649;2218
649;2961
649;837
649;190
649;882
650;1019
650;2564
650;1143
650;1503
651;698
651;2952
651;2166
651;2671
651;949
652;1512
652;2619
652;2074
652;2899
653;2613
653;2358
653;1817
653;2903
654;2091
654;855
654;1496
655;2792
655;1464
655;1391
656;2579
656;1533
656;2977
656;737
656;1139
657;1690
657;1195
657;1035
658;2521
658;2212
658;1452
658;1214
659;2180
659;1327
659;922
659;2099
659;1235
660;1153
660;1426
660;1563
660;2121
660;2010
661;1307
661;1167
661;1719
661;2347
662;754
662;2947
662;667
662;2051
663;2551
663;1852
663;2313
663;798
664;2448
664;2757
664;2310
664;78
664;98
665;1448
665;1710
665;1658
665;2996
665;2897
666;1387
666;1665
666;2901
666;1500
666;719
667;2947
667;2051
667;2842
668;1098
668;528
668;871
668;2925
668;1948
669;2432
669;1826
669;2751
669;2328
670;2459
670;2199
670;2261
670;704
670;1148
671;2582
671;1243
671;2361
671;2053
672;730
672;804
672;1016
672;2605
673;920
673;726
673;1570
674;1662
674;1436
674;2917
674;2109
674;2623
675;1052
675;1503
675;2661
675;985
676;1010
676;2607
676;1766
676;995
676;2909
677;1654
677;1430
677;878
678;2973
678;2515
678;1421
678;2913
679;2770
679;2027
679;2159
679;1749
680;2148
680;2370
680;2094
680;1204
680;2602
681;1998
681;1057
681;2446
681;1628
681;1368
682;1532
682;1132
682;384
683;2291
683;722
683;1341
683;2966
684;754
684;2842
684;1871
684;2863
684;662
685;2397
685;752
685;1384
685;2158
685;2550
686;1485
686;1656
686;809
686;2524
687;2376
687;1650
687;1814
687;1624
688;1203
688;1253
688;1497
688;2067
689;2128
689;1972
689;2388
689;903
689;2865
690;2820
690;2488
690;1834
690;1398
691;1220
691;1570
691;2083
691;892
692;738
692;893
692;907
692;2877
693;1990
693;1305
693;2197
693;1852
693;663
694;2802
694;1186
694;2183
695;918
695;797
695;2274
696;2029
696;1300
696;822
697;1889
697;972
697;2818
697;2428
698;2166
698;2671
698;2952
698;1977
699;1022
699;1953
699;2151
699;2355
699;2298
700;2089
700;2608
701;862
701;2550
701;1708
701;2009
702;1593
702;1175
702;795
702;1774
703;2576
703;2144
703;2223
703;1179
703;1287
704;2459
704;2199
704;1845
704;1955
704;1148
705;1484
705;2246
705;1286
705;2707
705;2817
706;1202
706;2728
706;2461
706;2848
707;1899
707;2032
707;374
707;935
708;1590
708;2445
708;1113
708;2144
709;2700
709;2123
709;1456
709;1660
710;2234
710;1328
710;2245
710;1046
710;2255
711;2419
711;2224
711;2424
711;322
711;2648
712;1937
712;2220
712;1012
712;1984
712;2429
713;1519
713;774
713;2320
713;1462
714;1801
714;1023
714;59
715;2717
715;758
715;1601
715;947
715;1936
716;1455
716;938
716;1923
716;1324
716;2816
717;1490
717;1014
717;720
717;1694
717;2601
718;2020
718;725
718;1477
718;2341
718;1777
719;825
719;1269
719;2901
719;983
720;1694
720;1014
720;1802
720;1490
720;794
721;2652
721;1839
721;1078
721;1857
722;1341
722;766
722;1622
723;2108
723;1539
723;1331
723;2277
723;2887
724;2354
724;1606
724;887
724;2583
725;1100
725;2341
725;2975
725;112
726;920
726;891
727;1643
727;2294
727;2449
727;1226
727;1732
728;743
728;2806
728;1879
728;2737
729;2084
729;2382
729;2036
729;2082
729;1914
730;804
730;1016
730;2605
731;2227
731;1215
731;2238
732;2293
732;2750
732;2423
732;1546
733;1085
733;2021
733;2964
734;2848
734;2728
734;706
734;1202
735;2425
735;1240
735;1820
735;626
736;1044
736;2828
736;1149
736;215
737;2977
737;1139
737;1226
737;1533
738;893
738;1589
738;2080
739;1676
739;1271
739;544
739;2182
740;1051
740;2333
740;2404
740;1229
740;1804
741;2554
741;517
741;2917
741;2670
741;674
742;1491
742;1957
742;1629
743;2236
743;1879
743;2737
744;2621
744;2938
744;161
745;2286
745;2309
745;2364
745;1479
746;2592
746;1029
746;2297
746;1343
746;2702
747;2179
747;2813
747;1755
747;2721
747;1837
748;2782
748;1344
748;1903
748;1543
748;2847
749;2037
749;2046
749;1263
749;632
750;2323
750;792
750;486
750;2243
751;2637
751;881
751;2878
751;1569
752;1384
752;2158
752;1110
752;2397
753;1497
753;1420
753;2067
753;2692
753;2273
754;1871
754;2051
755;2846
755;2726
755;1416
755;895
755;2016
756;1552
756;2580
756;2063
756;2480
757;989
757;977
757;760
757;1975
757;1410
758;947
758;1936
758;2717
758;587
759;2536
759;2858
759;598
759;2108
760;769
760;1750
760;989
761;1077
761;2884
761;2061
761;2836
762;2930
762;808
762;1704
762;1463
762;1176
763;783
763;1365
763;1244
763;2433
763;1735
764;2339
764;1000
764;1980
764;1406
764;946
765;839
765;2155
765;2902
765;1252
766;1341
766;1622
766;1823
767;879
767;1003
767;1576
767;2054
767;1236
768;2111
768;2176
768;1781
769;1924
769;2616
769;1800
769;78
770;1360
770;1295
770;2961
770;1634
771;1759
771;2383
771;2272
771;1673
772;2535
772;1833
772;393
772;1958
772;2903
773;2600
773;1713
774;1519
774;2320
775;1129
775;2295
775;2539
775;2744
775;742
776;916
776;2133
776;2044
776;2976
777;2739
777;1860
777;2360
777;1752
778;1414
778;842
778;1103
778;2203
778;2928
779;2891
779;1135
779;1432
779;835
779;1554
780;2031
780;1157
780;1592
780;1979
780;2022
781;2704
781;898
781;1983
781;1198
781;2723
782;1339
782;1659
782;831
782;1565
782;1868
783;1365
783;1244
783;1660
783;1735
784;1586
784;2555
784;2103
784;1555
785;2989
785;117
785;2490
786;1894
786;1912
786;2089
786;2988
786;523
787;1905
787;2702
787;1040
788;1404
788;2736
788;2465
789;2431
789;1499
789;2167
790;844
790;1214
790;1452
790;2521
791;2122
791;2572
791;2636
791;424
792;2323
792;2243
792;2285
793;2365
793;2659
793;2605
793;1155
794;1802
794;1849
794;1694
794;1646
795;2945
795;1608
796;2620
796;1364
796;1635
796;1095
797;918
797;2274
798;2313
798;2215
798;1356
798;2348
798;2324
799;2354
799;724
799;887
799;1888
800;1543
800;1408
800;1903
800;1344
800;1291
801;2927
801;928
801;1944
801;2276
802;1811
802;1932
802;2831
802;130
802;2516
803;1205
803;93
803;79
803;2062
803;329
804;1016
804;2605
804;1580
805;2316
805;1086
805;2255
805;1046
806;1178
806;2453
806;2258
806;2694
806;1222
807;2788
807;2994
807;1697
807;488
808;1176
808;1704
808;2569
808;2711
809;1952
809;344
810;2654
810;2134
810;2808
810;2403
810;1282
811;942
811;1066
811;1362
811;2231
811;128
812;1422
812;2436
812;2374
812;1188
813;1954
813;2394
813;1509
814;2723
814;2489
814;2599
814;2704
814;2447
815;1039
815;1055
815;823
815;2497
816;1037
816;2351
816;2967
816;2799
817;2138
817;1992
817;1840
817;2382
817;1460
818;1363
818;2484
818;2545
819;2990
819;1900
819;1967
819;1192
819;2775
820;2462
820;2198
820;2046
821;2814
821;1078
821;2652
821;2056
822;911
822;2029
822;1372
823;2497
823;1915
823;1883
824;2887
824;1886
824;2146
825;1269
825;983
825;2901
826;1607
826;2182
827;2290
827;1891
827;1156
827;1361
827;2926
828;1741
828;2712
828;2837
828;1015
829;1463
829;2658
829;2930
829;2142
830;1569
830;1763
830;881
830;212
830;1345
831;1659
831;1868
831;1339
831;2120
832;2243
832;2285
832;792
832;1416
833;1278
833;2505
833;474
833;1027
834;1266
834;624
834;1323
834;369
834;1121
835;1135
835;1432
835;1478
835;1554
836;2423
836;1333
836;2293
836;966
837;2218
837;882
837;2961
838;1949
838;1001
838;2255
838;2858
838;2234
839;1252
839;2155
839;2902
840;1889
840;1581
840;2428
840;1276
841;2012
841;1542
841;1142
841;1332
841;1020
842;1414
842;1103
842;2203
842;2928
843;2983
843;2841
843;1073
843;1438
843;2936
844;1214
844;1452
844;1568
845;2739
845;133
845;777
845;2954
845;564
846;1302
846;1968
846;497
846;1198
846;1140
847;1545
847;2691
847;2094
847;1494
848;2529
848;1123
848;2162
849;2541
849;1142
849;1332
849;1264
849;18
850;1800
850;1054
850;2461
850;2310
850;2848
851;1793
851;1384
851;752
851;1806
852;1451
852;2811
852;2406
852;2173
853;1474
853;2713
853;2526
854;1760
854;1907
855;1496
855;2091
855;1573
856;2742
856;960
856;2804
856;1413
857;987
857;1686
857;2229
858;2494
858;1199
858;2501
858;220
859;2052
859;2095
859;1685
859;2668
859;2393
860;1724
860;1411
860;2305
860;589
860;1783
861;2830
861;1925
861;2578
861;2972
861;2189
862;2550
862;2009
862;1708
863;915
863;1680
863;988
863;24
864;2945
864;566
864;1017
864;433
865;991
865;1119
865;1652
865;2950
866;1534
866;2177
866;1716
866;1633
867;1822
867;1835
867;1511
867;2989
868;1564
868;2129
868;1301
869;1573
869;1496
869;1058
869;855
869;2091
870;2269
870;2593
870;1762
870;1187
871;2925
871;222
871;2995
872;2154
872;1060
872;2302
873;2175
873;1174
873;2730
873;411
874;2538
874;2418
874;1396
874;1604
875;1612
875;1911
875;2506
875;1758
875;1920
876;1232
876;2077
876;2098
876;2789
877;1294
877;943
877;2634
877;2597
878;1654
878;1197
878;884
879;1003
879;1576
879;2054
879;1236
880;2436
880;2381
880;1095
880;1352
880;2050
881;1569
881;2878
881;1345
882;2218
882;2961
882;1747
883;2973
883;2663
883;2588
883;2886
884;1197
884;2207
884;1654
885;1901
885;2492
885;1875
885;2481
886;2979
886;2887
886;824
887;1346
887;2583
887;2354
888;2795
888;1762
888;1342
888;988
888;2593
889;976
889;624
889;505
890;1170
890;995
890;927
890;1194
891;920
891;1104
891;673
892;934
892;1444
892;912
892;1220
892;2329
893;1589
893;2080
893;2769
894;1520
894;2093
894;2339
894;2278
895;2846
895;961
895;2726
896;1556
896;1516
896;2454
896;2446
897;2819
897;2397
897;1132
897;1384
897;1793
898;1983
898;2723
898;2599
898;2704
899;1209
899;2045
899;533
900;1472
900;1369
900;2574
900;957
900;2143
901;1147
901;2931
901;1663
901;2765
901;1211
902;2832
902;2618
902;1435
902;1549
903;1972
903;1745
903;2321
903;2388
903;2865
904;1158
904;2649
904;2963
904;661
905;2399
905;2401
905;1397
905;1550
906;1933
906;1506
906;1816
907;2257
907;2877
907;1851
908;1378
908;2281
908;2939
908;1099
909;1709
909;731
909;851
909;1806
910;1863
910;1960
910;2164
910;1792
911;2029
911;1372
912;934
912;1950
912;1444
912;2329
913;1945
913;971
913;1118
914;2174
914;2478
914;2190
914;2644
914;1913
915;1680
915;937
915;2803
916;2976
916;2044
916;2133
917;112
917;1615
917;1572
918;2750
919;1626
919;2177
919;1768
919;1633
921;2539
921;1985
921;2512
921;365
921;775
922;1327
922;1784
922;1671
922;2180
923;2263
923;2690
923;1562
923;2349
924;2632
924;963
924;1486
924;380
924;36
925;1638
925;1111
925;1230
925;13
926;2740
926;2277
927;1194
927;1170
927;113
927;2318
928;2927
928;744
928;1944
929;2660
929;1265
929;950
930;1122
930;2527
930;2444
930;1164
930;1527
931;1062
931;595
931;2502
931;34
932;1719
932;2347
932;1134
932;532
932;2591
933;2849
933;2997
933;2778
933;1367
934;1444
934;2329
934;1220
935;1899
935;1160
935;0
936;2889
936;2905
936;982
936;2140
936;2595
937;2803
937;1680
937;955
938;1923
938;2470
938;1455
938;1524
939;2265
939;1803
939;984
939;460
940;1965
940;1931
940;2379
940;1249
940;2352
941;2411
941;2661
941;985
941;1143
941;2413
942;1362
942;1066
942;2231
942;128
943;2597
943;1294
944;2567
944;1182
944;1454
944;1361
944;2909
945;1536
945;2560
945;1206
946;1990
946;2339
946;1520
947;1936
947;2866
947;2171
948;1479
948;2286
948;745
948;2664
948;2364
949;1639
949;2071
949;2671
949;1546
949;1333
950;2250
950;1265
950;1818
950;10
951;2523
951;1200
951;2485
952;2181
952;2982
952;2473
952;455
953;1274
953;1087
953;2471
953;1550
953;1410
954;2056
954;2588
954;2814
954;2663
954;1846
955;1680
955;915
955;2803
956;2000
956;1025
956;1769
956;2933
956;2854
957;2143
957;1472
957;1369
957;2304
958;1871
958;1314
958;2863
958;1736
958;684
959;2894
959;1342
959;2249
959;2593
960;2742
960;2804
960;1413
961;2846
961;2726
961;2384
962;1681
962;1887
962;1239
962;1779
962;2289
963;2632
963;2902
963;2155
964;1894
964;786
964;2988
964;1467
965;1640
965;1653
965;2148
965;680
965;1204
966;1333
966;1069
966;1986
966;69
966;1977
967;2805
967;1861
967;2743
967;2705
968;1082
968;2047
968;1517
968;1476
969;1430
969;321
969;201
969;1616
970;1943
970;1730
971;2758
971;2400
971;2503
972;2732
972;2818
973;1437
973;2312
973;1275
974;1105
974;976
974;1481
974;2422
975;2670
975;1357
975;2917
975;2100
975;1662
976;2422
976;1105
977;1975
977;989
977;1054
977;850
978;2130
978;2239
978;2288
978;2430
978;2603
979;1099
979;2281
979;1558
980;1999
980;1250
980;1091
980;507
980;1456
981;1166
981;2718
981;1796
981;1655
982;2905
982;2889
982;2140
982;2595
983;1269
983;1321
983;2901
984;1803
984;2265
984;387
985;2661
985;2411
985;1503
986;1075
986;1097
987;1686
987;2229
987;2860
988;2795
988;1874
989;1975
989;1410
990;1792
990;2438
990;1771
991;2950
991;1652
991;475
992;2308
992;2916
992;1400
992;1319
992;1715
993;2208
993;2005
993;2319
994;2651
994;2997
994;2334
994;1535
994;122
995;2909
995;2920
996;2331
996;1582
996;2995
997;2745
997;2380
997;2985
997;2893
997;1636
998;2408
998;1740
998;1505
998;2634
999;2991
999;1939
999;1935
999;1208
1000;1980
1000;2035
1000;2677
1000;2339
1001;1949
1001;2858
1001;1251
1001;598
1002;2474
1002;1309
1002;2514
1002;2575
1003;1576
1003;1236
1003;1263
1004;2356
1004;2092
1004;2455
1005;2235
1005;2998
1005;2892
1005;1359
1006;1288
1006;955
1006;2710
1006;2269
1007;2513
1007;1257
1007;1223
1007;1272
1008;1844
1008;2268
1008;2135
1008;2531
1008;1753
1009;2275
1009;1918
1009;466
1010;1766
1010;1219
1010;2607
1011;2942
1011;1875
1011;1901
1011;1987
1012;2562
1012;2642
1012;2974
1012;1974
1013;1989
1013;1734
1013;1579
1013;1453
1013;1651
1014;1490
1014;1694
1014;2456
1015;2712
1015;2453
1015;1217
1015;364
1016;2605
1016;445
1017;1981
1017;2460
1017;2514
1017;1878
1017;1764
1018;1028
1018;2765
1018;2958
1019;1143
1019;2412
1019;2564
1019;2411
1020;1542
1020;2953
1020;1332
1020;2012
1021;2534
1021;2980
1021;2416
1021;1438
1022;1953
1022;2355
1022;2552
1022;2298
1023;1801
1023;2237
1023;155
1024;2753
1024;2439
1024;2396
1025;2000
1025;2933
1025;1982
1025;2622
1026;1967
1026;1137
1026;2775
1026;2332
1027;1278
1028;1663
1028;2765
1028;2931
1028;1147
1029;2592
1029;1343
1029;2491
1030;1355
1030;2266
1030;1514
1030;2932
1031;1687
1031;2762
1031;2572
1031;424
1032;1276
1032;2639
1032;2081
1032;1419
1033;1834
1033;2153
1033;2820
1034;2353
1034;416
1034;200
1035;1791
1035;1258
1036;1346
1036;2583
1036;2751
1036;887
1037;2351
1037;2213
1038;2114
1038;2296
1038;1947
1039;1055
1039;1359
1039;2482
1040;2009
1040;1905
1040;2702
1041;1501
1041;1406
1041;1423
1041;2551
1042;1548
1042;1647
1042;1322
1042;1376
1043;2211
1043;2878
1043;2914
1043;1466
1043;751
1044;2828
1044;1149
1045;1812
1045;2754
1046;2245
1046;1461
1046;2151
1046;2234
1047;1810
1047;2136
1047;1838
1048;2590
1048;1597
1048;1117
1049;1883
1049;1500
1049;823
1049;1684
1049;2441
1050;1973
1050;1191
1050;2553
1051;1229
1051;2333
1051;2404
1051;2614
1052;1503
1052;2661
1052;2411
1053;1109
1053;2058
1053;1689
1053;2563
1054;2461
1054;2848
1054;1800
1054;1975
1055;2482
1055;1359
1056;1425
1056;2059
1056;2013
1056;1830
1057;1998
1057;1628
1057;1530
1058;1573
1058;1538
1058;2735
1059;1074
1059;2727
1059;1270
1060;2533
1060;1366
1061;2584
1061;2261
1061;256
1061;2011
1062;2322
1062;1165
1062;595
1063;2330
1063;2824
1063;1098
1063;2159
1064;1775
1064;1351
1064;1090
1064;1669
1064;172
1065;2063
1065;756
1065;1743
1065;1552
1066;1362
1066;654
1067;1186
1067;2350
1067;2802
1067;2890
1067;1600
1068;2379
1068;1965
1068;1931
1068;940
1069;1986
1069;2526
1069;1977
1070;1180
1070;1091
1071;2729
1071;2079
1071;1187
1071;2086
1072;1083
1072;1705
1072;2301
1072;1780
1073;1438
1073;2983
1073;1261
1073;2841
1074;2727
1074;1270
1074;600
1074;68
1075;1097
1075;1730
1076;1756
1076;2845
1076;2923
1076;1811
1077;2884
1077;2061
1077;2836
1078;2652
1078;2814
1078;2056
1079;1518
1079;581
1079;1227
1079;2315
1080;1375
1080;1144
1080;2338
1080;866
1080;2868
1081;2595
1081;2477
1081;2683
1081;1319
1081;1400
1082;2047
1082;1476
1082;1428
1083;1705
1083;1780
1084;1121
1084;1321
1084;1093
1085;2964
1085;2794
1085;2021
1086;1595
1086;2316
1086;2767
1087;1233
1087;1274
1087;187
1087;1819
1088;2656
1088;1477
1088;2741
1088;2020
1089;2868
1089;1534
1089;1993
1089;1080
1089;1712
1090;1487
1090;1775
1090;1351
1091;1540
1091;1858
1091;1250
1092;1521
1092;2253
1093;2041
1093;1159
1094;2946
1094;1782
1094;2409
1094;82
1095;1352
1095;2381
1095;1364
1095;2050
1095;2620
1096;2284
1096;1843
1096;2369
1096;2530
1096;2101
1097;484
1097;1730
1097;84
1098;1948
1098;2330
1098;2824
1099;2281
1100;2341
1100;2975
1100;917
1100;112
1101;1641
1101;2326
1101;1627
1101;1604
1102;1130
1102;2105
1102;1909
1102;443
1103;2693
1103;2203
1103;1414
1104;2796
1104;2359
1104;117
1105;1481
1105;2501
1106;2731
1106;2092
1106;2186
1106;1553
1107;1161
1107;2672
1107;2530
1107;1138
1108;2578
1108;2472
1108;2761
1108;1925
1109;1689
1109;2563
1109;2058
1110;2018
1110;2647
1110;2158
1111;1638
1111;1262
1111;2006
1112;2314
1112;2787
1112;2023
1112;1077
1113;1590
1113;2544
1113;2169
1114;2658
1114;1536
1114;829
1115;2437
1115;2325
1115;1145
1116;2086
1116;2729
1116;1071
1116;2766
1116;1187
1117;2817
1117;1392
1117;1597
1117;1188
1117;2253
1118;1945
1118;1502
1118;1850
1118;1799
1119;2779
1120;2248
1120;2137
1120;1460
1120;2073
1120;2496
1121;1321
1122;2527
1122;2444
1122;1164
1122;1527
1123;2162
1123;1713
1124;1200
1124;2226
1124;2622
1124;2933
1125;2898
1125;1842
1125;1824
1126;1773
1126;1701
1126;1383
1126;2559
1127;2030
1127;2152
1127;2012
1127;274
1128;1471
1128;2356
1128;2455
1128;283
1128;391
1129;2283
1129;742
1129;428
1129;2295
1130;1722
1130;1163
1131;2058
1131;1943
1131;234
1132;2819
1132;1532
1132;2746
1133;1201
1133;2633
1133;1238
1134;2347
1134;1719
1134;2923
1134;1167
1135;1432
1135;2891
1135;1554
1136;1480
1136;1774
1136;1737
1136;1630
1136;1593
1137;2332
1137;2303
1137;2076
1137;2775
1137;2709
1138;2672
1138;1161
1138;1962
1138;2369
1139;1226
1139;2977
1139;2522
1140;2447
1140;2599
1140;2565
1140;2723
1141;2924
1141;2025
1141;68
1142;2541
1142;1264
1142;1332
1143;2412
1143;2411
1143;2661
1144;1375
1144;2338
1144;866
1144;85
1145;1447
1145;2437
1145;2129
1146;2879
1146;2002
1146;1776
1146;2609
1146;2038
1147;2931
1147;1211
1147;2765
1147;2958
1148;1955
1148;2459
1149;2145
1149;2828
1150;1606
1150;724
1150;2354
1150;1864
1151;1402
1151;1154
1151;1738
1151;1581
1151;2428
1152;1673
1152;2272
1152;1697
1152;1935
1153;1563
1153;2194
1153;627
1154;1738
1154;1402
1154;1581
1154;2428
1155;2367
1155;1196
1155;2605
1155;1685
1156;2926
1156;1454
1156;2920
1156;1891
1156;1182
1157;2031
1157;1592
1157;1313
1157;2498
1158;661
1158;2185
1159;2346
1159;1917
1159;1481
1160;2456
1160;677
1160;201
1161;2672
1161;1962
1161;2369
1162;1560
1162;1623
1163;1722
1163;1483
1163;46
1163;2105
1164;1706
1164;2444
1164;2527
1164;1527
1165;2322
1165;2387
1165;2170
1166;2718
1166;1796
1166;1655
1167;1307
1167;2516
1167;2923
1168;2666
1168;2511
1168;2881
1168;2393
1169;1255
1169;1712
1169;1575
1169;2325
1169;1293
1170;1194
1170;196
1170;1219
1171;2204
1171;2043
1171;1752
1171;2674
1171;1860
1172;1260
1172;2495
1172;2510
1172;1692
1172;1732
1173;2724
1173;2345
1173;637
1173;1725
1173;2262
1174;2283
1174;2730
1174;1268
1174;2113
1175;1593
1175;1774
1176;1704
1176;2711
1176;2569
1177;1707
1177;2856
1177;2090
1177;3
1178;2258
1178;2694
1178;2453
1179;1180
1179;2144
1179;2576
1180;103
1181;1934
1181;1790
1181;1706
1181;302
1182;1454
1182;2926
1182;1361
1183;2766
1183;2086
1184;2896
1184;1727
1184;1358
1184;1299
1185;2026
1185;1815
1185;2299
1185;1690
1185;1195
1186;2802
1186;1600
1186;1599
1187;2729
1187;2086
1187;2269
1188;2374
1188;1597
1188;2436
1188;1392
1189;2993
1189;1254
1189;1891
1189;2587
1189;827
1190;1367
1190;2849
1190;1620
1190;1228
1190;441
1191;116
1191;328
1192;2990
1192;1476
1192;2047
1192;797
1193;2626
1193;1831
1193;2338
1193;1961
1194;2626
1195;1690
1195;1999
1196;2367
1196;2605
1196;1016
1196;672
1197;1654
1197;2207
1198;1968
1198;898
1198;1302
1199;2501
1199;1917
1199;1481
1199;409
1200;2226
1200;2854
1201;2633
1201;1539
1201;138
1202;2728
1202;2461
1202;2848
1203;1253
1203;1515
1203;2067
1203;2273
1204;2602
1204;2148
1204;2370
1204;2094
1205;1818
1205;93
1205;145
1206;2560
1206;1536
1206;255
1207;2640
1207;2952
1207;2581
1207;2463
1207;1625
1208;1895
1208;1450
1209;533
1209;1392
1209;2045
1210;1904
1210;559
1210;2066
1211;2958
1211;2765
1211;2931
1212;2706
1212;1528
1212;1743
1212;433
1213;2710
1213;2749
1213;2487
1213;427
1214;1452
1214;2101
1215;2238
1215;2227
1215;1337
1215;251
1216;2698
1216;1971
1216;2759
1216;1827
1217;2141
1217;2586
1217;2087
1217;61
1217;2623
1218;1941
1218;1371
1218;1708
1218;2773
1219;1469
1219;1766
1219;85
1220;1444
1221;2327
1221;1669
1221;2504
1221;1487
1222;2014
1222;2258
1222;1178
1223;2513
1223;1272
1223;1614
1223;1257
1224;2886
1224;883
1224;2973
1225;2466
1225;2118
1225;2184
1226;1643
1226;2294
1226;2449
1227;1526
1227;2183
1227;2315
1228;1626
1228;1633
1228;1768
1228;919
1228;1716
1229;2614
1229;2333
1229;2404
1230;1638
1230;559
1230;1904
1231;2493
1231;2978
1231;2568
1232;2077
1232;1785
1232;132
1233;1819
1233;1661
1233;1141
1233;401
1234;1976
1234;2266
1234;1412
1235;2099
1235;2758
1235;2180
1235;2748
1236;2054
1236;1576
1236;1263
1237;2855
1237;1788
1237;364
1237;2141
1238;2633
1239;1887
1239;1728
1239;2984
1239;1779
1240;2425
1240;1820
1240;497
1241;2371
1241;1854
1241;2392
1241;2383
1242;1610
1242;1347
1242;1674
1242;1733
1242;1555
1243;2361
1243;2582
1244;1735
1244;1365
1244;1660
1245;2873
1245;1898
1245;1297
1245;2068
1246;1858
1246;2057
1246;1540
1246;2362
1247;1788
1247;2014
1247;1222
1247;2855
1248;1960
1248;2874
1248;1863
1248;910
1248;990
1249;2352
1249;1965
1249;1931
1249;2379
1250;1999
1250;1185
1250;1540
1251;1886
1251;2536
1251;2146
1251;2858
1252;2155
1252;2102
1253;1515
1253;2067
1253;2273
1254;2993
1254;2851
1254;2318
1254;1891
1255;2520
1255;2096
1255;1575
1255;2598
1256;1765
1256;1815
1256;1690
1256;2533
1257;2912
1257;2513
1257;1272
1258;2585
1258;1791
1258;2078
1259;2807
1259;1604
1259;2326
1259;1627
1259;1641
1260;2495
1260;2510
1260;2833
1260;1692
1261;1438
1261;2416
1261;2983
1261;843
1262;1562
1262;923
1262;2263
1262;2690
1262;2006
1263;2046
1263;1576
1264;2541
1264;2358
1264;841
1265;2250
1265;453
1266;1323
1266;2416
1266;624
1266;266
1267;2344
1267;2317
1267;2342
1267;1563
1268;2730
1268;2283
1268;2689
1268;2247
1270;2505
1270;2727
1271;1676
1271;2434
1271;1700
1272;2912
1273;2499
1273;1427
1273;2074
1274;2471
1274;1550
1275;1437
1275;1607
1276;114
1276;1581
1276;1154
1277;1399
1277;1828
1277;2685
1277;2777
1277;1588
1279;2292
1279;2696
1279;1994
1279;2628
1279;1347
1280;2222
1280;1310
1280;2867
1280;2776
1280;1744
1281;1564
1281;159
1281;2129
1282;2403
1282;2808
1282;1410
1282;2134
1283;1778
1283;2781
1283;2720
1283;2025
1284;1878
1284;2193
1284;2575
1284;2474
1284;342
1285;2496
1285;2073
1285;521
1286;1484
1286;2246
1286;2253
1286;2817
1287;1318
1287;2223
1287;2716
1287;1805
1287;2144
1288;2710
1288;955
1288;1213
1289;1726
1289;2856
1289;2230
1290;2438
1290;1248
1290;547
1290;2874
1290;990
1291;1408
1291;1988
1291;1543
1291;1813
1292;2104
1292;1675
1292;2394
1293;2386
1293;1961
1293;438
1294;2597
1294;195
1295;1360
1295;2440
1295;1677
1296;1457
1296;2488
1296;2153
1296;1033
1296;1834
1297;2873
1297;565
1297;561
1298;1527
1298;2252
1299;1358
1299;2754
1299;2896
1300;2682
1300;2508
1301;2587
1302;1968
1302;1820
1302;626
1303;2028
1303;2182
1304;2971
1304;1664
1304;2172
1304;31
1304;1979
1305;2197
1305;1990
1305;1971
1305;1827
1306;2680
1306;2475
1306;1783
1306;1544
1307;2516
1308;1388
1308;1475
1309;2741
1309;2040
1309;342
1310;2867
1310;1744
1311;2149
1311;2863
1311;1736
1311;958
1312;1916
1312;1828
1312;2829
1312;2276
1312;1277
1313;2498
1313;2336
1313;2031
1314;1871
1314;2479
1314;754
1314;1978
1315;2733
1315;2027
1315;2770
1315;2791
1316;1928
1316;2699
1316;2100
1317;1567
1317;2385
1318;1805
1318;2421
1318;2223
1319;2916
1319;1400
1319;982
1319;2595
1320;2368
1320;2719
1320;1748
1321;2041
1322;1647
1322;2365
1322;1377
1323;2416
1323;2534
1323;1261
1324;2816
1324;2157
1324;1996
1324;1841
1325;2880
1325;2625
1325;1449
1325;442
1325;1847
1326;1478
1326;2487
1326;2118
1326;1432
1326;2184
1327;1671
1327;1784
1327;2180
1328;2234
1328;71
1328;471
1328;2858
1329;2692
1329;1420
1329;2173
1329;753
1330;2288
1330;2953
1330;571
1331;2548
1331;2882
1331;2108
1331;1539
1332;1542
1332;2953
1333;2671
1333;2071
1333;1977
1334;2117
1334;2883
1335;2127
1335;2228
1335;2169
1335;2544
1336;1897
1336;1896
1336;2637
1337;2196
1337;2238
1337;1745
1337;251
1338;1859
1338;1837
1338;1602
1338;2721
1338;2681
1339;1659
1339;1565
1339;1868
1340;2918
1340;2452
1341;1622
1341;2335
1342;2894
1342;2593
1343;2491
1343;2592
1344;1543
1344;1903
1344;2782
1344;1291
1345;2914
1345;2878
1346;2583
1346;724
1347;2292
1347;2986
1347;1674
1348;1554
1348;1432
1348;1135
1349;326
1349;2097
1349;2162
1350;2185
1350;1431
1350;2115
1350;2785
1351;1775
1351;1655
1352;2381
1352;1364
1352;2050
1353;2559
1353;2377
1353;350
1353;1618
1354;1483
1354;1618
1354;1722
1354;46
1355;2266
1355;1514
1355;2932
1356;2215
1356;2313
1356;2324
1357;2670
1357;2100
1357;2917
1357;1946
1358;2896
1358;2754
1359;2892
1359;2119
1359;2482
1360;2961
1360;1634
1361;1454
1361;2926
1361;2567
1362;2353
1362;2231
1363;1629
1363;428
1363;248
1364;2620
1364;2381
1365;1660
1365;1735
1366;2102
1366;1767
1366;1252
1366;525
1367;2849
1367;1228
1368;1381
1368;2763
1368;2535
1369;1472
1369;2143
1369;2149
1370;2936
1370;2983
1370;843
1370;2404
1371;1941
1371;2773
1371;1667
1371;2746
1372;1585
1372;2029
1373;2053
1373;2477
1373;1081
1374;2643
1374;1462
1374;2417
1374;2829
1375;2338
1375;866
1375;604
1376;1548
1376;2786
1376;1675
1377;2697
1377;1647
1377;1042
1377;1912
1378;2939
1378;2281
1378;1995
1379;1846
1379;2547
1379;2546
1379;1668
1379;1440
1380;2217
1380;2657
1380;137
1380;2402
1380;2893
1381;2535
1381;2763
1381;681
1382;2894
1382;2249
1382;2593
1382;959
1383;2840
1383;1701
1383;46
1383;1102
1384;2397
1384;1793
1385;2761
1385;1847
1385;2657
1385;1925
1386;2032
1386;1874
1386;1899
1386;476
1387;1665
1387;2901
1387;1500
1388;1475
1388;1720
1388;1869
1389;2340
1389;1787
1389;1560
1390;2083
1390;549
1390;2214
1391;1464
1391;1560
1392;230
1392;1092
1393;1751
1393;1521
1393;230
1393;1092
1394;2015
1394;2034
1394;2507
1394;2133
1394;2044
1395;2631
1395;2941
1395;1523
1395;2069
1395;2769
1396;2484
1396;2538
1396;818
1397;2008
1397;2787
1397;2399
1397;2401
1398;314
1399;2777
1399;1588
1399;2685
1399;2276
1400;2916
1400;241
1401;1951
1401;1856
1401;2543
1402;1738
1402;1581
1402;2428
1403;2302
1403;2881
1403;2826
1403;2949
1403;2154
1404;2736
1404;2465
1405;2016
1405;2285
1405;1416
1405;2899
1405;1512
1406;1501
1406;119
1406;1000
1407;2635
1407;1418
1407;1760
1407;1907
1407;56
1408;1988
1408;1543
1409;2210
1409;1908
1409;1493
1409;647
1409;1930
1410;2403
1410;977
1411;2305
1411;1724
1411;1783
1411;2475
1412;227
1412;2266
1412;1355
1413;2804
1413;2112
1413;1545
1414;2203
1414;2928
1415;1614
1415;1799
1415;1850
1415;1502
1416;2285
1416;2016
1417;1902
1417;1068
1417;2442
1417;2797
1417;2194
1418;2635
1418;2252
1419;1717
1419;2639
1419;2869
1420;2692
1420;1497
1421;2515
1421;1541
1421;2986
1421;2973
1422;1865
1422;2405
1422;2050
1422;1544
1423;1501
1423;1458
1423;2348
1423;50
1424;2707
1424;2590
1424;2900
1424;2395
1424;2817
1425;2110
1425;1830
1425;546
1426;2085
1426;1772
1426;2194
1426;2010
1427;2871
1427;2834
1427;2499
1427;2457
1428;2047
1428;1249
1428;2352
1429;1974
1429;1723
1429;2483
1429;2562
1429;300
1430;884
1430;321
1431;2785
1431;2115
1431;2185
1432;1554
1433;1888
1433;1984
1433;1919
1434;1637
1434;2560
1434;945
1435;1549
1435;2618
1435;2832
1435;1566
1435;1940
1436;2087
1436;2623
1436;2109
1436;2981
1437;2312
1438;2983
1438;2841
1439;1529
1439;2465
1439;319
1439;178
1440;1668
1440;2413
1440;2191
1440;2546
1441;1913
1441;1699
1441;914
1441;2644
1441;2190
1442;2745
1442;1787
1442;2380
1442;2402
1443;2838
1443;1718
1443;1666
1443;1770
1444;2329
1445;1870
1445;2783
1446;1867
1446;1691
1446;1515
1446;688
1447;2437
1447;986
1448;1710
1448;2021
1448;1658
1448;2794
1449;2625
1449;2880
1449;1847
1449;442
1450;1895
1450;2219
1451;2173
1451;1976
1452;2101
1453;1579
1453;2116
1453;2260
1453;397
1454;2926
1454;2920
1455;1923
1455;1763
1455;830
1456;2123
1456;2700
1456;1660
1457;2488
1457;2153
1457;1834
1457;690
1458;2348
1458;2324
1459;1587
1459;1036
1459;2751
1460;2073
1460;2248
1460;2138
1460;2496
1461;2245
1461;2151
1461;710
1461;699
1462;2643
1462;2320
1462;2417
1463;2930
1463;2142
1464;2792
1464;473
1465;1969
1465;2747
1466;2914
1466;2211
1466;2755
1466;2878
1467;1045
1467;1812
1468;2458
1468;1631
1468;1598
1468;2466
1469;2177
1469;1766
1470;2433
1470;2763
1470;2839
1470;763
1471;2356
1471;2455
1471;391
1472;2143
1472;2574
1473;1824
1473;1125
1473;2898
1474;1532
1474;682
1475;1869
1475;1720
1475;1559
1476;2047
1476;2990
1477;2020
1477;2271
1477;2656
1477;2741
1478;2487
1478;1135
1478;1432
1479;2286
1479;41
1480;1774
1480;1737
1480;1593
1480;1926
1481;2501
1481;2346
1482;2004
1482;2420
1482;267
1483;1722
1483;1618
1483;443
1484;2246
1484;2707
1484;2395
1485;1656
1485;2524
1486;2632
1486;36
1486;963
1486;2178
1487;2504
1487;2606
1487;1149
1487;588
1488;162
1488;63
1488;179
1489;2823
1489;2228
1489;2127
1489;626
1490;1694
1490;1802
1491;1957
1491;1629
1492;1926
1492;1785
1492;2077
1492;1737
1492;1770
1493;2210
1493;1820
1493;1302
1493;846
1494;2691
1494;1545
1494;1653
1495;2273
1495;2509
1495;2067
1495;2638
1495;2943
1496;1573
1496;2091
1497;2067
1497;2692
1497;2273
1498;2241
1498;877
1498;631
1498;2656
1499;2677
1499;2431
1499;2167
1500;1883
1500;1665
1501;1458
1501;119
1502;1850
1502;1799
1502;1985
1502;1945
1503;2661
1503;2411
1504;1851
1504;2667
1504;1856
1504;2877
1504;1951
1505;1740
1505;2408
1505;1813
1506;1933
1506;1816
1507;2169
1507;2544
1507;183
1508;1849
1508;2287
1508;1646
1508;794
1509;2549
1509;120
1509;2786
1509;2394
1510;2498
1510;1882
1510;2422
1510;1313
1511;1822
1511;1835
1511;1522
1512;2619
1512;2899
1512;2074
1513;1877
1513;2395
1513;2707
1513;2246
1514;2932
1515;1691
1515;2995
1515;996
1516;1556
1516;2223
1516;2454
1517;1525
1518;2315
1518;2032
1518;1874
1519;527
1519;288
1519;224
1520;2093
1520;2339
1520;2278
1522;2721
1522;2806
1522;2490
1522;1837
1522;1338
1523;2958
1523;1211
1523;12
1523;2631
1524;2470
1524;1923
1524;1736
1524;1345
1525;2617
1525;2962
1526;2183
1526;2315
1526;1079
1527;2444
1527;1706
1528;2706
1528;1743
1529;2207
1529;2465
1529;1631
1530;1603
1530;2237
1530;1832
1530;1998
1531;2322
1531;2232
1531;1165
1531;1910
1532;2819
1533;2977
1533;2579
1534;1716
1534;1633
1534;85
1535;2598
1535;2334
1535;1575
1535;2201
1536;2658
1537;2822
1537;2791
1537;1897
1537;385
1538;2688
1538;855
1538;1573
1539;2108
1539;138
1539;2277
1540;1858
1541;2986
1541;2515
1541;1577
1541;678
1542;2012
1542;2953
1543;1903
1544;2405
1544;2870
1544;1865
1544;2680
1545;2691
1545;2112
1546;1639
1546;2071
1546;2293
1546;2467
1547;2703
1547;2907
1547;2951
1547;2373
1547;2564
1548;2786
1549;2832
1549;2618
1549;1940
1549;1566
1550;2471
1550;2401
1551;2668
1551;2714
1551;144
1552;2580
1552;2063
1552;2480
1553;2606
1555;1733
1555;1610
1555;2389
1556;435
1556;2300
1557;2999
1557;1558
1557;2042
1557;2701
1557;2247
1558;2999
1558;1611
1558;2042
1559;1869
1559;2519
1559;2357
1559;1720
1560;1623
1561;2842
1561;2051
1561;684
1561;2574
1561;667
1562;2263
1562;2690
1562;2349
1563;2317
1563;2121
1564;2129
1565;1659
1565;1808
1566;2960
1566;2618
1566;2676
1567;2385
1567;2784
1567;2910
1568;2251
1568;2003
1568;2673
1569;1763
1569;2637
1570;920
1570;726
1571;2893
1571;2402
1571;2380
1571;2168
1572;1615
1572;2343
1572;1777
1573;2091
1574;1714
1574;2811
1574;2873
1574;852
1574;2426
1575;2598
1575;2334
1575;1712
1575;1993
1577;1696
1577;2986
1577;1347
1577;1994
1578;2165
1578;1695
1578;2127
1578;1113
1579;1734
1579;2260
1579;2116
1580;730
1580;2968
1580;2205
1581;2428
1581;1738
1581;1889
1582;2331
1582;2330
1582;2824
1582;1691
1583;2744
1583;2689
1583;2398
1583;2295
1583;2247
1584;1870
1584;1621
1584;1725
1584;204
1585;2366
1585;334
1585;1
1585;2440
1586;2555
1586;2103
1586;2957
1587;1036
1588;2685
1588;2777
1588;2122
1589;2080
1589;2124
1589;2769
1590;2445
1590;2544
1591;2378
1591;2540
1591;2630
1592;2031
1592;2336
1592;1313
1593;1774
1594;2669
1594;2066
1594;2150
1595;2918
1595;1340
1595;2767
1596;1065
1596;756
1596;2063
1597;2374
1598;1631
1598;2458
1598;2466
1599;1600
1599;2802
1599;1067
1600;2802
1601;2774
1601;2717
1601;1996
1601;2157
1602;2681
1602;1859
1602;1837
1602;2813
1603;2237
1603;1832
1603;2948
1603;1958
1604;2326
1604;2418
1604;2538
1604;2807
1605;2790
1605;2569
1605;1770
1605;1910
1605;808
1606;2354
1606;2583
1606;593
1607;2837
1607;1741
1608;2945
1608;2443
1608;259
1609;2186
1609;215
1609;177
1609;2075
1610;1733
1610;1674
1610;2389
1611;2166
1611;698
1611;2042
1612;1911
1612;2506
1612;1758
1612;1920
1613;2476
1613;2860
1613;2229
1613;1686
1614;1799
1614;1850
1614;1502
1615;2343
1615;1777
1616;1646
1616;1802
1617;1982
1617;2622
1617;2013
1617;1649
1618;2840
1618;1722
1618;46
1619;1644
1619;1890
1619;1862
1619;176
1619;2142
1620;2849
1620;316
1621;1870
1621;2072
1621;639
1621;272
1622;2335
1623;2955
1623;529
1624;2275
1624;2824
1624;1582
1624;2330
1625;2303
1625;2709
1625;625
1625;1137
1625;238
1626;1768
1626;2177
1626;1633
1627;1641
1627;2807
1627;2326
1628;1798
1628;2446
1628;1998
1629;1957
1630;1593
1630;1774
1630;1480
1631;2458
1632;1875
1633;1716
1633;2177
1634;2508
1634;2961
1634;2682
1635;2857
1635;1095
1635;1352
1635;121
1636;2985
1636;2732
1636;2168
1637;2560
1637;945
1638;309
1638;522
1639;2071
1639;2293
1639;2467
1640;1653
1640;1494
1640;820
1641;2326
1641;2807
1642;2256
1642;2646
1642;2638
1642;2885
1642;1892
1643;2294
1643;2449
1643;1732
1644;2485
1644;1890
1644;1862
1645;2489
1645;814
1645;2666
1645;2511
1646;2287
1646;1802
1646;543
1647;2697
1648;2028
1648;2312
1648;2839
1649;2013
1649;1056
1650;2376
1650;2568
1650;481
1651;1734
1651;2070
1651;1579
1652;2950
1652;2150
1653;847
1653;2691
1653;2094
1655;2537
1656;2524
1656;2919
1656;1825
1657;2297
1657;746
1657;2009
1657;2702
1658;2570
1658;2935
1659;1868
1660;2700
1661;1819
1661;2808
1661;1282
1661;1394
1662;1700
1662;2917
1662;2434
1663;2931
1663;2765
1663;1147
1664;2136
1664;2971
1664;2125
1665;2901
1666;2838
1666;1718
1667;2746
1667;1941
1667;2773
1667;1742
1668;2413
1668;2191
1668;2546
1669;1775
1669;2327
1669;1090
1670;2612
1670;1094
1670;1782
1671;1784
1671;2180
1672;1947
1672;2296
1672;2114
1672;440
1673;2272
1673;2987
1673;2510
1673;1759
1674;2389
1674;2799
1675;2394
1676;2434
1676;1700
1677;1747
1677;1721
1677;269
1678;2872
1679;2455
1679;1942
1679;1823
1679;1471
1680;2803
1681;2289
1681;1887
1682;2107
1682;2507
1682;2034
1682;2600
1682;2015
1683;2264
1683;2715
1683;2867
1683;413
1684;2441
1684;2969
1684;2557
1684;2874
1685;2052
1685;2611
1685;2844
1686;2229
1686;2860
1687;2762
1687;307
1687;412
1688;2527
1688;1698
1688;308
1688;856
1689;2563
1689;1705
1689;1083
1690;1815
1691;2331
1691;996
1692;1732
1692;2449
1692;2495
1692;1643
1693;2673
1693;2865
1693;2321
1693;2003
1694;1802
1695;1404
1695;2736
1695;708
1696;1940
1696;1994
1696;821
1697;2994
1697;1935
1697;2788
1698;2527
1698;1122
1698;930
1699;1913
1699;914
1700;2434
1700;1797
1701;1773
1701;2840
1702;2472
1702;2217
1702;2778
1703;2065
1703;1823
1703;2683
1704;2711
1704;2569
1705;2563
1705;1780
1706;2444
1706;930
1707;2090
1707;2856
1707;1787
1708;2550
1708;1941
1708;685
1709;731
1709;851
1709;1806
1710;2794
1710;2021
1710;2660
1711;2756
1711;2753
1711;2439
1711;1853
1712;1993
1712;2868
1712;2598
1713;2970
1713;2162
1714;2811
1714;2426
1714;2827
1714;2173
1715;2396
1715;1794
1715;2916
1715;1319
1716;2177
1716;85
1717;2869
1717;2639
1717;2861
1718;2838
1718;1770
1719;2347
1720;2679
1720;2287
1720;2519
1723;1974
1723;2429
1723;2220
1724;2305
1724;2469
1725;2345
1725;2783
1725;2724
1726;2230
1726;2856
1727;2896
1727;2147
1728;2984
1728;1887
1728;1779
1728;2116
1729;1825
1729;2662
1729;2528
1729;2919
1729;2524
1730;1943
1731;2464
1731;2738
1731;1931
1731;940
1732;2449
1732;2495
1733;2389
1733;1674
1734;1989
1735;2300
1736;2470
1736;2149
1737;1774
1737;1926
1738;2428
1739;2262
1739;2427
1739;2345
1739;637
1740;2408
1740;2634
1740;1813
1741;2837
1741;2712
1741;2686
1742;2773
1742;1995
1742;2525
1743;2706
1744;2776
1744;2636
1745;2196
1745;2321
1745;1972
1746;2209
1746;2886
1746;1224
1746;2547
1747;1295
1747;2486
1747;770
1748;2368
1748;2719
1748;539
1748;596
1749;2159
1750;2001
1750;2502
1750;2403
1750;2134
1750;2654
1751;1521
1751;327
1751;1092
1752;1860
1752;2204
1752;2360
1753;2160
1753;2135
1753;2268
1753;1844
1754;2531
1754;1934
1754;2268
1754;1844
1755;2359
1755;2179
1755;2490
1756;2845
1756;2923
1756;2831
1757;2267
1757;1514
1757;1299
1758;2506
1758;1920
1758;1911
1759;2383
1759;2272
1760;2734
1760;2055
1760;206
1761;2720
1761;2781
1761;2307
1761;1283
1761;1778
1762;2593
1762;2795
1762;1342
1763;881
1763;2637
1763;212
1764;2460
1764;2847
1764;1981
1764;1291
1765;1815
1765;2610
1765;2026
1765;1690
1766;2607
1767;2102
1767;1252
1767;1016
1768;1959
1768;2177
1769;2854
1769;2000
1769;2226
1769;2933
1770;2569
1770;2838
1771;1792
1772;1950
1772;2085
1772;2797
1772;2010
1773;1383
1773;2840
1776;2538
1776;1604
1776;2002
1777;2343
1777;2271
1778;2781
1778;2025
1778;68
1779;2664
1779;1887
1779;2364
1779;2984
1781;2943
1781;2267
1782;2409
1782;2946
1783;2475
1783;2725
1783;2305
1784;2180
1785;2077
1785;1926
1786;1678
1786;2872
1786;107
1788;2855
1788;1222
1789;1978
1789;2479
1789;1314
1789;958
1790;2137
1790;1934
1790;1706
1790;572
1791;2585
1792;1863
1793;752
1793;2397
1794;2396
1794;2107
1795;2962
1795;2688
1795;2274
1795;2617
1795;1525
1796;2718
1796;1826
1797;2434
1797;1676
1797;1662
1798;2446
1798;2454
1798;1057
1799;1850
1800;1924
1800;2310
1800;2461
1803;2265
1803;460
1804;2333
1804;2404
1804;1051
1805;2223
1805;2105
1805;1909
1806;2614
1806;2647
1806;1229
1806;2018
1807;2650
1807;686
1807;1485
1808;2899
1808;1405
1808;2016
1808;2846
1809;2537
1809;1873
1809;1775
1809;1669
1810;2852
1810;31
1810;2136
1811;2516
1811;1167
1812;2754
1812;1358
1812;291
1813;1988
1813;1408
1814;1506
1814;1816
1814;2275
1814;605
1815;2026
1815;2610
1816;1933
1817;2864
1817;2030
1817;2903
1818;2250
1818;79
1819;2044
1819;2133
1820;1968
1820;2425
1821;2356
1821;1128
1821;1471
1821;391
1822;1835
1822;1522
1822;39
1823;1942
1824;2898
1824;576
1824;77
1825;2524
1825;2919
1825;2528
1826;2861
1826;2869
1827;2850
1827;1971
1827;2759
1827;2197
1828;1916
1828;2276
1828;1399
1829;2906
1829;1018
1829;1799
1830;2110
1830;2059
1831;2626
1831;1961
1831;2386
1832;2237
1833;2535
1833;1381
1833;393
1833;1368
1834;2820
1834;2488
1835;39
1836;2853
1836;2377
1836;1801
1837;1859
1837;2721
1837;2179
1837;2681
1838;1893
1838;2615
1838;2125
1838;2136
1839;1857
1839;2779
1840;1914
1840;2084
1840;2382
1840;1754
1841;2816
1841;2270
1842;2898
1843;2530
1843;1107
1844;2268
1844;2531
1844;2135
1845;1884
1845;2199
1845;2257
1845;1445
1846;2546
1846;2547
1846;2191
1847;2625
1847;2880
1848;2686
1848;2837
1848;1275
1848;1741
1848;1607
1849;1802
1849;2601
1851;2667
1851;2877
1851;1955
1852;2551
1852;2313
1852;798
1853;2641
1853;2756
1853;2024
1854;2371
1854;1810
1854;430
1855;2236
1855;2187
1855;62
1855;628
1855;475
1856;1951
1856;901
1857;2779
1858;507
1858;2057
1859;2681
1859;2721
1860;2360
1860;2204
1861;2705
1861;2743
1861;2145
1861;2805
1862;2142
1862;1890
1862;1463
1863;1960
1864;2328
1864;20
1864;1613
1865;2405
1865;2870
1865;2050
1866;2373
1867;2978
1867;2493
1867;2827
1868;1391
1869;2357
1869;2519
1869;1720
1871;2863
1872;2114
1872;1947
1873;2624
1873;2060
1874;2315
1875;1901
1875;2942
1876;1936
1876;947
1876;2171
1877;2395
1877;2246
1877;2707
1877;1484
1878;2514
1878;1981
1878;2474
1879;2737
1879;2806
1880;2407
1880;2764
1880;1854
1880;2371
1881;2543
1881;1401
1882;2422
1882;976
1882;2498
1882;974
1883;2497
1884;2783
1884;272
1885;2033
1885;179
1885;277
1886;2146
1886;2536
1888;1984
1889;2428
1890;176
1890;2188
1890;2142
1891;2926
1891;1454
1891;2290
1892;2885
1892;2638
1892;2646
1892;2072
1893;2615
1893;2125
1893;2136
1893;1047
1894;2988
1894;2089
1894;1912
1895;2219
1896;2637
1896;1897
1896;751
1897;287
1897;107
1898;2068
1898;2959
1898;419
1898;2360
1899;458
1900;1967
1900;2775
1900;2076
1900;2332
1901;2942
1902;2442
1902;2797
1902;1950
1902;912
1903;2171
1903;2782
1905;2702
1906;2934
1906;2596
1906;2857
1907;2553
1907;1973
1907;2635
1908;2468
1908;2210
1908;2500
1909;1927
1909;2105
1910;2790
1910;2322
1910;1165
1911;2506
1911;184
1912;2089
1912;700
1912;2608
1914;2084
1914;2382
1914;817
1915;2497
1915;2747
1915;2517
1916;2276
1916;1277
1916;2829
1917;2346
1917;2501
1917;2415
1918;2159
1919;1984
1919;2429
1919;2021
1919;2220
1920;2054
1920;1236
1921;2597
1921;943
1921;1294
1922;1251
1922;1001
1922;2349
1922;2690
1923;2470
1924;2616
1925;2761
1925;2578
1926;1443
1927;1869
1927;2421
1927;2357
1928;2100
1928;2699
1928;1946
1929;2319
1929;2005
1929;2233
1929;2014
1930;1493
1930;2289
1930;2210
1931;1965
1931;2738
1931;2464
1932;2542
1932;1946
1932;2800
1932;1811
1935;2994
1936;2866
1936;2171
1937;2220
1937;1984
1937;2429
1937;560
1938;1946
1938;2800
1938;2699
1938;1316
1939;2991
1939;268
1939;2522
1939;223
1940;2832
1940;2960
1941;2773
1942;283
1942;766
1942;2455
1943;399
1944;2927
1944;2417
1944;2276
1944;1374
1945;1850
1946;2542
1946;1316
1947;2114
1947;2296
1948;2027
1948;2770
1948;1315
1949;2858
1949;598
1950;2797
1950;2442
1950;2085
1951;901
1952;407
1952;1648
1952;2839
1953;2298
1953;2355
1953;2503
1954;2708
1954;2584
1955;1504
1955;148
1956;1963
1956;2059
1956;2834
1958;2948
1958;2161
1959;919
1959;1626
1959;2607
1959;1766
1960;2164
1961;2386
1962;2369
1962;2901
1962;1665
1963;2059
1963;1056
1963;2834
1964;2163
1964;297
1964;795
1964;1608
1965;2379
1965;2352
1966;2780
1966;2205
1966;2968
1966;81
1966;2221
1967;2775
1967;2076
1967;2332
1969;2747
1969;9
1970;1565
1970;895
1970;961
1970;2846
1971;2206
1971;2759
1971;2850
1972;2388
1972;2128
1973;2553
1974;2429
1974;2562
1975;850
1976;2406
1976;146
1977;1986
1977;2671
1978;2479
1978;958
1979;2022
1979;2172
1979;2219
1980;2035
1980;2339
1980;2677
1981;2514
1981;2460
1982;2622
1982;2933
1983;2723
1983;2599
1983;2447
1983;2704
1984;2220
1984;2429
1985;2512
1985;1118
1986;2713
1986;2671
1987;2942
1987;1875
1988;1543
1989;1651
1989;1579
1990;2197
1990;2206
1991;2152
1991;2453
1991;806
1991;1178
1991;1015
1992;2138
1992;2382
1992;1840
1992;2084
1993;2868
1993;2334
1994;2292
1994;2696
1995;2939
1996;2157
1996;2774
1997;2184
1997;2118
1997;1225
1997;2466
1998;2446
1999;5
1999;1456
2000;2933
2000;2226
2001;2502
2001;2134
2001;2403
2001;2654
2002;2879
2002;2609
2002;2038
2003;2673
2003;2251
2004;2908
2004;2420
2005;2319
2005;2233
2006;260
2007;2883
2007;2117
2007;573
2007;1334
2007;2259
2008;2937
2008;2787
2008;2401
2008;2928
2011;2111
2011;2176
2011;768
2011;360
2012;1332
2012;1142
2014;2696
2015;2034
2015;2507
2015;2600
2016;2285
2016;486
2017;2825
2017;2350
2017;2890
2018;2647
2018;2158
2018;752
2018;345
2019;2390
2019;2311
2019;2306
2019;1567
2020;2271
2020;1777
2022;2172
2022;2219
2022;2202
2023;2451
2023;2314
2023;842
2023;778
2024;2938
2024;2641
2024;2898
2026;2299
2026;2610
2027;2770
2028;2312
2031;2336
2032;2315
2033;63
2034;2507
2034;2133
2035;2677
2035;2339
2036;2082
2036;2424
2036;2189
2037;2046
2037;1263
2038;2609
2038;2801
2038;2879
2038;282
2039;2280
2039;2760
2039;2699
2039;1316
2040;2772
2040;2741
2040;2271
2041;1084
2041;641
2041;2415
2042;2999
2042;2463
2042;531
2043;2204
2043;2674
2043;1464
2044;2133
2045;590
2045;2725
2046;2462
2048;2254
2048;2594
2048;806
2048;1991
2048;2956
2049;2337
2049;2665
2049;124
2049;1308
2050;2381
2051;2842
2051;2947
2052;2611
2052;2844
2053;1471
2053;1128
2053;2582
2054;1003
2055;2624
2055;2060
2055;2734
2055;292
2056;2814
2056;2588
2056;2663
2057;2139
2057;563
2057;1540
2058;2563
2059;2561
2060;2624
2060;292
2060;206
2061;2836
2061;2884
2062;2282
2062;93
2062;145
2062;79
2063;2580
2064;2301
2064;1033
2064;2563
2065;2335
2065;1622
2065;135
2066;2150
2066;2669
2067;2273
2067;2943
2068;2406
2068;777
2069;2769
2069;2124
2069;2941
2069;2877
2070;1734
2070;2260
2071;2293
2072;2885
2072;2509
2072;2638
2073;2496
2073;2248
2073;2138
2074;2619
2074;2899
2074;2375
2075;2291
2075;2828
2075;2966
2076;2332
2076;2775
2076;2303
2078;2585
2078;2178
2078;43
2079;2088
2079;2729
2080;2200
2081;2639
2081;1276
2082;2424
2082;2189
2084;2382
2084;817
2085;2442
2085;2797
2085;2194
2086;2729
2086;2766
2087;2623
2087;2109
2087;2981
2088;1071
2089;2608
2090;2340
2090;2856
2092;2356
2092;2731
2093;2339
2093;2278
2094;2148
2094;1545
2095;2393
2095;2949
2095;1168
2095;2714
2096;2520
2096;2138
2096;1992
2096;2073
2097;2996
2097;218
2098;2789
2099;2748
2099;2180
2100;2670
2101;790
2101;2284
2102;525
2102;839
2103;2555
2103;2957
2104;2708
2104;120
2104;2573
2104;1954
2105;1130
2106;2540
2106;2869
2106;2861
2106;1591
2106;2081
2107;2507
2108;2277
2108;138
2109;2623
2109;2981
2110;1056
2110;2059
2111;2176
2112;2804
2112;66
2112;960
2113;2283
2113;818
2113;1363
2113;562
2114;2296
2115;2800
2115;2185
2115;1938
2116;2260
2116;2984
2116;2468
2117;2883
2118;2184
2118;2487
2119;2482
2119;2892
2119;1055
2119;165
2120;782
2120;1868
2120;2959
2120;1898
2121;2317
2121;2010
2121;1153
2122;2777
2122;51
2123;2700
2123;1660
2124;2769
2124;2941
2124;2132
2125;2615
2125;2136
2126;2018
2126;1657
2126;2647
2126;278
2127;2228
2127;2823
2127;2165
2128;2865
2128;903
2128;2321
2130;2239
2130;2288
2130;2603
2130;2430
2131;800
2131;2866
2131;1903
2131;2171
2132;2859
2132;2769
2134;2654
2134;2403
2134;2808
2135;2268
2136;2971
2137;2248
2137;1460
2137;817
2138;2248
2139;2228
2139;781
2139;1335
2139;2704
2140;2889
2140;2905
2141;2586
2141;2981
2142;2930
2143;2304
2144;2445
2144;2576
2145;2705
2145;2828
2145;1044
2145;736
2146;2349
2146;2536
2147;2549
2147;1509
2147;262
2148;2370
2148;2602
2149;2863
2150;2669
2150;2518
2151;2245
2151;1022
2152;2030
2152;1020
2154;2815
2154;2302
2154;2843
2155;2902
2156;2918
2156;2809
2156;2298
2156;1340
2157;2774
2157;2717
2158;2647
2158;345
2160;2268
2161;2948
2163;2810
2163;2908
2164;1863
2165;2823
2166;2952
2167;2431
2167;2589
2168;2985
2168;997
2168;137
2169;2544
2170;2387
2170;303
2171;2866
2172;2219
2172;780
2173;2692
2174;2478
2174;2190
2174;27
2175;1099
2175;211
2176;1781
2178;2585
2178;1258
2178;43
2179;2721
2179;2813
2179;1859
2181;2982
2181;2577
2181;2473
2184;2466
2185;2800
2185;1307
2186;2731
2186;1004
2186;283
2186;391
2187;2629
2188;1114
2188;1434
2188;2142
2188;176
2189;2972
2189;2830
2189;2424
2190;2644
2190;2478
2191;2546
2191;2412
2192;2435
2192;1175
2192;1737
2192;1666
2193;2575
2193;2634
2193;2474
2194;2442
2194;627
2195;2919
2195;2662
2195;1729
2195;739
2196;2238
2196;903
2196;251
2197;2850
2197;1971
2198;2462
2198;489
2198;1640
2199;2459
2199;1148
2200;1589
2200;738
2201;2972
2201;2830
2201;861
2201;2598
2202;2219
2202;1979
2202;2172
2203;2928
2204;2674
2205;2968
2205;2780
2205;81
2206;2698
2206;1827
2206;1305
2206;1216
2207;1430
2208;2967
2208;2799
2208;2005
2209;353
2209;2886
2209;1224
2209;2547
2211;2914
2211;2878
2211;2755
2212;2655
2212;2557
2212;47
2212;2164
2213;2929
2213;2450
2213;2351
2214;2895
2214;236
2214;2452
2215;2313
2215;2324
2216;2862
2216;2719
2216;2813
2216;1320
2216;2368
2217;2657
2218;2961
2218;81
2220;2429
2220;1974
2221;2780
2221;2591
2221;2771
2221;2205
2222;2361
2222;323
2222;1243
2224;2648
2224;2630
2224;1591
2225;1372
2225;2029
2225;334
2226;2933
2226;2854
2227;2238
2227;2388
2229;2860
2230;2856
2230;2589
2231;1066
2231;1538
2232;803
2233;2628
2233;2696
2234;2255
2234;1949
2235;2998
2235;2892
2235;2921
2236;475
2236;2373
2237;2948
2237;615
2239;2430
2239;2603
2239;2288
2240;2912
2240;2798
2240;2633
2240;1238
2241;2597
2241;943
2241;2764
2242;2076
2242;2738
2242;408
2242;2332
2242;1900
2243;2285
2243;1416
2244;2279
2244;2476
2244;1613
2244;2384
2245;2234
2246;2707
2246;2395
2247;2398
2247;2689
2247;2730
2248;2496
2249;2894
2249;158
2251;2521
2251;844
2253;2817
2253;705
2253;1484
2254;2594
2254;2288
2254;571
2254;2953
2255;2316
2256;2646
2256;2638
2256;2885
2256;1892
2257;704
2257;1884
2257;451
2258;2694
2258;2453
2259;510
2259;2883
2260;2468
2261;2584
2261;256
2261;2708
2262;2427
2262;2345
2263;2690
2263;2349
2264;2715
2264;936
2265;460
2267;2943
2268;2531
2269;2593
2269;1762
2270;2131
2270;2604
2271;2741
2271;2343
2271;536
2272;2383
2273;2943
2274;2962
2274;918
2275;2824
2275;687
2276;1277
2277;2740
2278;2500
2278;2035
2279;2476
2279;2384
2279;2818
2280;2760
2280;2699
2280;285
2281;2939
2283;2730
2283;2689
2284;47
2286;2364
2286;2309
2286;2664
2287;2679
2287;2519
2288;2594
2290;1116
2290;2086
2290;2079
2291;2966
2291;177
2291;258
2292;2696
2292;2628
2293;2423
2294;2449
2295;2744
2295;2944
2295;2689
2297;2702
2297;2592
2297;1029
2298;2355
2298;2503
2298;2400
2298;2809
2299;2610
2299;2362
2299;1815
2300;1244
2300;1365
2300;2700
2301;1083
2301;2627
2301;1705
2302;2881
2302;2826
2303;2709
2303;2332
2303;2775
2304;1101
2304;1641
2305;2725
2306;2311
2306;2390
2307;2836
2307;2061
2307;2787
2307;468
2307;905
2308;2529
2308;848
2308;472
2309;2915
2309;2364
2310;2448
2310;2461
2311;2390
2313;2551
2314;2451
2314;842
2314;468
2316;1046
2317;2344
2318;2851
2318;890
2320;2417
2320;1374
2320;2643
2321;2865
2321;2673
2322;2387
2322;303
2323;2860
2323;486
2324;2348
2324;2391
2325;1293
2325;2386
2325;2437
2326;2807
2327;1809
2327;1873
2328;1606
2328;1150
2329;1220
2330;2824
2330;668
2331;2995
2331;528
2332;2775
2333;2404
2333;2614
2334;2598
2334;2651
2335;766
2335;258
2336;2494
2337;2665
2337;2601
2337;1849
2337;543
2340;1707
2340;1787
2341;112
2341;578
2341;917
2342;2344
2342;567
2342;2317
2344;567
2345;2724
2345;2427
2346;1093
2346;519
2347;1167
2348;2793
2349;2690
2350;2825
2350;2190
2352;2379
2352;1931
2353;63
2353;200
2355;2503
2355;2400
2355;2809
2357;2421
2358;841
2358;1142
2358;2012
2358;714
2360;2959
2361;2582
2362;2610
2363;2532
2363;2208
2363;816
2363;2967
2364;2664
2364;2915
2365;2659
2365;102
2365;2486
2366;2440
2366;1
2367;2605
2367;1016
2367;672
2368;2719
2368;127
2369;2530
2369;1107
2370;2602
2370;2094
2371;2392
2371;771
2372;2636
2372;2776
2372;791
2372;2572
2373;62
2374;2436
2374;880
2375;2899
2375;2619
2375;1273
2376;2568
2377;2559
2377;1023
2378;2540
2378;2630
2379;1931
2380;2745
2380;2893
2380;2402
2383;2392
2384;2726
2384;755
2385;2784
2385;2910
2385;2019
2389;2799
2391;2793
2392;1759
2392;348
2393;2949
2393;2826
2395;2707
2395;705
2396;619
2397;345
2398;2689
2398;2744
2398;1268
2399;2401
2399;2787
2399;2307
2400;2503
2400;2809
2402;2893
2402;2745
2403;2808
2403;2654
2404;2614
2405;2870
2405;2050
2406;2739
2407;2876
2407;2764
2407;2241
2407;1498
2408;2634
2408;1294
2409;2946
2410;709
2410;5
2410;2650
2411;2661
2411;568
2412;650
2412;2411
2412;941
2413;985
2413;1143
2414;2935
2414;2570
2414;515
2414;1317
2415;2007
2415;2259
2415;425
2416;1438
2416;1073
2417;2643
2418;2538
2418;2525
2419;1154
2419;1151
2419;1402
2419;1738
2420;2908
2420;2810
2421;2716
2422;167
2423;2750
2424;1325
2425;497
2426;2827
2426;2811
2430;2532
2430;2603
2432;2751
2432;35
2432;1459
2432;352
2433;783
2433;1365
2433;2763
2435;1666
2435;311
2435;583
2436;2381
2437;438
2439;2753
2439;2756
2441;2969
2441;86
2441;2557
2442;2797
2443;2782
2443;2847
2443;748
2445;1113
2445;73
2446;2454
2447;2599
2447;2723
2447;898
2448;2757
2448;2616
2449;2495
2450;2929
2451;2975
2451;1112
2451;842
2452;2767
2452;94
2453;2694
2454;1628
2455;2356
2456;1694
2457;2499
2457;1273
2457;2871
2458;2466
2459;1845
2460;1878
2460;2847
2461;2848
2463;2812
2463;2701
2463;1625
2464;2738
2467;2581
2467;2071
2467;949
2468;372
2469;2627
2469;2922
2469;60
2469;2684
2470;304
2472;2578
2473;2206
2473;2698
2473;2982
2474;2575
2474;2514
2475;2725
2475;2305
2476;2860
2477;2683
2477;1703
2479;958
2480;2580
2480;2063
2481;2492
2481;1513
2481;2900
2482;2768
2482;165
2483;2642
2483;2562
2483;1974
2483;1012
2484;2545
2484;2645
2485;153
2485;217
2486;1042
2486;1322
2487;2749
2488;2153
2489;197
2489;455
2489;2666
2490;2989
2490;2721
2491;2592
2491;746
2492;1901
2492;1987
2493;2568
2493;2978
2494;1313
2496;608
2497;2747
2497;2517
2498;198
2498;220
2500;2035
2500;273
2500;1980
2502;2134
2502;2654
2503;2809
2504;2606
2504;1090
2505;1074
2505;1059
2507;2133
2508;2682
2508;2961
2509;2638
2509;1892
2509;2885
2510;2987
2510;2833
2511;2666
2511;2714
2512;2944
2512;524
2512;2748
2513;1272
2515;2973
2515;2986
2517;2747
2517;2768
2517;379
2518;2669
2518;1594
2518;2904
2519;2679
2519;1475
2520;521
2520;400
2520;2138
2521;1452
2521;1214
2522;2833
2522;2987
2522;2495
2523;453
2523;145
2523;1265
2524;2919
2526;2713
2526;1986
2526;1977
2528;2831
2528;331
2528;2845
2529;1123
2529;1713
2530;1161
2531;572
2532;2603
2532;2239
2532;111
2533;1791
2533;1035
2534;2980
2534;2416
2535;393
2536;2858
2537;292
2537;206
2537;1873
2539;742
2539;2906
2539;405
2540;1796
2541;1332
2541;841
2542;1938
2542;802
2542;1357
2545;2645
2547;1668
2548;2882
2548;886
2548;723
2549;2786
2551;798
2552;913
2552;699
2552;355
2554;517
2554;2917
2554;2670
2554;674
2555;2957
2557;2655
2557;2969
2558;450
2558;1852
2558;1356
2559;1773
2561;1956
2561;1963
2561;1830
2562;2642
2563;1083
2564;1503
2565;2982
2565;2447
2565;2181
2566;2695
2566;2957
2566;2103
2566;2555
2567;2909
2567;1182
2567;1454
2567;2920
2568;261
2569;1718
2569;1443
2570;2935
2571;1419
2571;840
2572;2636
2572;2762
2572;2776
2573;1292
2573;2708
2574;1369
2574;1905
2576;2223
2576;152
2577;2982
2577;2093
2577;1520
2577;894
2578;2761
2579;2821
2579;485
2579;2977
2581;2640
2581;238
2581;1026
2582;461
2583;2751
2584;2708
2586;2981
2586;2623
2588;2663
2589;1726
2589;123
2589;1289
2589;2856
2590;2817
2590;1117
2591;2771
2591;467
2591;2780
2592;2702
2593;2894
2594;2956
2594;2603
2595;2905
2595;2889
2596;125
2596;1865
2596;1635
2598;1993
2599;2723
2600;2507
2601;2665
2601;543
2601;794
2602;2094
2603;2956
2604;1533
2604;2131
2607;1219
2608;2844
2609;2801
2609;2879
2609;282
2611;2844
2611;25
2612;2980
2612;2534
2612;508
2613;2903
2613;2161
2613;615
2614;740
2615;2136
2615;1047
2616;2965
2617;186
2617;347
2617;1517
2618;2832
2619;2899
2619;1405
2620;1352
2621;161
2621;2927
2621;2320
2622;2933
2622;2226
2623;2981
2625;2880
2626;2338
2627;1441
2627;2922
2628;2696
2630;2648
2630;244
2631;2941
2631;237
2631;2124
2632;2902
2634;580
2634;1294
2635;1050
2635;1973
2636;2776
2637;212
2637;881
2638;2646
2638;2885
2639;2869
2640;2952
2640;1026
2641;2938
2641;2898
2642;2974
2642;1429
2643;2829
2644;2684
2644;2922
2644;2174
2645;65
2645;818
2646;2885
2647;752
2647;345
2648;2135
2648;322
2649;2963
2649;2979
2649;532
2651;2997
2651;2778
2651;1535
2652;2676
2652;2960
2653;2352
2653;2379
2653;1249
2653;1965
2653;940
2654;2808
2655;2969
2655;47
2656;2741
2657;2761
2657;2578
2658;1463
2659;2605
2659;730
2660;2794
2660;149
2660;2964
2662;2831
2662;1825
2662;2919
2663;353
2663;2973
2664;2309
2664;2915
2665;1849
2665;543
2665;1508
2667;2877
2667;1856
2667;1951
2668;2698
2668;1216
2669;2760
2670;2917
2671;69
2672;1962
2672;2369
2673;2865
2674;2391
2674;2793
2675;11
2675;163
2675;886
2676;2960
2676;1549
2676;1435
2678;107
2678;1173
2679;1559
2679;1475
2680;2870
2680;2405
2681;2813
2682;696
2683;635
2684;2922
2684;2190
2684;2350
2685;2777
2685;2122
2686;2837
2686;2712
2686;1607
2687;2835
2687;789
2687;2431
2688;2962
2688;535
2688;2274
2689;2744
2691;66
2693;778
2693;842
2693;2203
2693;1414
2695;2957
2695;2103
2695;2555
2697;1912
2697;2988
2697;523
2698;1971
2701;2812
2701;2042
2701;2398
2703;1511
2703;728
2703;1835
2704;2723
2705;2974
2705;2805
2708;1292
2709;2332
2709;2076
2710;2749
2710;437
2710;2487
2711;762
2711;2062
2712;2837
2713;1069
2713;1977
2714;2666
2715;2867
2715;1310
2716;2736
2716;1318
2717;1996
2718;35
2719;1038
2720;2781
2720;1778
2720;68
2722;2976
2722;576
2722;77
2722;2752
2724;2262
2724;2427
2725;58
2725;1780
2725;367
2726;2846
2727;1283
2728;2848
2731;1004
2732;2955
2733;2791
2733;2027
2734;2624
2735;836
2735;2750
2735;1573
2736;319
2737;2806
2737;1338
2737;1859
2738;940
2738;1965
2742;2804
2742;1413
2743;2705
2743;2145
2744;2944
2745;2893
2746;2819
2746;1941
2748;2758
2749;1478
2750;16
2750;2293
2751;1346
2751;352
2751;593
2752;2976
2752;2044
2752;916
2753;2756
2754;2932
2755;1043
2755;2914
2755;2878
2757;2310
2757;1212
2758;2099
2758;524
2759;2850
2759;2197
2760;1594
2762;2636
2764;195
2764;2597
2764;1921
2765;2931
2765;2958
2767;236
2768;1915
2768;1055
2769;2941
2769;738
2771;1300
2771;335
2771;2682
2771;190
2772;1309
2772;2514
2772;1002
2778;2997
2778;2472
2780;2968
2780;2771
2781;68
2782;2847
2784;2910
2784;2019
2784;326
2785;309
2787;2061
2788;2994
2788;488
2789;2965
2790;876
2790;2569
2790;1770
2791;2822
2792;1391
2792;473
2793;2324
2793;1458
2794;2964
2794;929
2795;1874
2796;785
2798;2912
2798;520
2798;926
2798;2633
2799;2967
2800;1350
2801;2080
2804;1545
2805;2974
2805;2743
2806;1338
2806;1859
2810;2908
2810;2004
2811;2173
2812;1784
2812;922
2813;1837
2815;2843
2815;2881
2815;872
2816;96
2816;337
2817;1484
2817;2707
2818;1889
2818;840
2819;682
2820;2488
2821;2947
2821;667
2821;2051
2823;626
2824;2331
2825;2890
2826;2949
2827;1574
2829;2417
2829;1462
2830;2972
2830;1925
2830;2578
2831;2845
2831;1729
2833;2987
2834;2871
2835;214
2835;2792
2835;789
2836;468
2841;2983
2841;1261
2842;662
2843;2881
2843;1403
2845;2923
2847;1344
2850;1216
2851;2920
2851;1156
2852;1047
2852;1664
2853;14
2853;1801
2853;2377
2854;2000
2854;2933
2855;271
2855;902
2857;2934
2859;237
2859;459
2859;2124
2861;2869
2861;2540
2862;2681
2862;2813
2862;1602
2864;1437
2864;973
2866;1903
2867;1744
2868;1534
2870;452
2871;1956
2873;2068
2874;1960
2874;2164
2875;1337
2875;192
2875;1804
2875;2196
2876;2656
2876;2764
2876;1498
2876;1880
2877;2769
2878;2914
2879;1776
2881;2154
2881;2826
2882;1133
2882;1539
2882;723
2884;468
2884;2836
2888;2970
2888;1713
2888;245
2888;1123
2888;2162
2889;2905
2890;2350
2891;835
2891;1432
2891;1554
2892;2921
2892;1055
2895;2010
2895;236
2897;2250
2897;2996
2900;1513
2900;2395
2900;2707
2903;2161
2903;59
2904;2669
2904;1119
2904;1839
2907;2951
2907;675
2907;2703
2907;1052
2908;2992
2909;2920
2909;1454
2910;2019
2910;2390
2911;141
2911;209
2911;1013
2911;1989
2911;2556
2912;171
2913;2973
2913;1224
2913;2886
2914;212
2914;881
2915;745
2915;2286
2916;2595
2918;2298
2920;2926
2920;1182
2921;1359
2921;1039
2921;2998
2922;2190
2922;2350
2923;130
2924;600
2924;2025
2924;68
2925;2995
2927;2417
2928;2937
2929;2351
2931;2958
2934;2596
2936;2983
2936;1073
2936;1261
2937;1397
2937;1414
2937;1112
2940;135
2940;2019
2940;30
2940;2306
2944;2099
2946;1343
2950;1866
2951;675
2951;1052
2951;568
2954;2391
2954;2674
2954;1752
2954;2215
2955;55
2955;1636
2956;2288
2956;2130
2956;2430
2959;1860
2959;2204
2959;1752
2960;1549
2960;1435
2960;2618
2962;2617
2963;2979
2963;886
2965;2098
2966;177
2966;2828
2967;2005
2967;993
2968;2155
2968;1252
2968;839
2970;1123
2970;2162
2971;2852
2972;76
2974;2562
2975;2023
2975;2341
2977;1226
2979;2548
2984;2915
2984;2664
2984;2364
2985;1571
2987;1152
2988;1912
2989;1522
2989;1755
2990;1900
2990;2047
2991;1935
2991;1208
2992;1933
2992;2810
2993;1891
2993;827
2993;2290
2994;2272
2996;218
2997;2334
2998;2892
2999;1611
2999;979
