1.97549;4.40777
0.778834;7.43887
6.20327;5.10877
7.16369;2.5701
6.05892;-0.211559
1.50797;-0.580149
5.07462;7.40179
3.185;12.8751
1.72268;4.27476
1.36639;0.877078
8.12128;-0.318677
1.2714;10.5458
7.99971;7.96375
1.0598;6.91103
2.59764;-0.508245
6.05486;6.11375
3.79256;9.63018
0.998114;0.549062
1.76076;11.6961
3.29089;11.1639
8.66866;6.4649
8.08958;6.37843
1.20001;2.53823
4.66298;3.54641
5.66549;8.37903
4.12938;6.4461
6.46737;7.40121
3.20906;7.50434
2.16319;5.64044
1.55274;6.40574
4.58498;10.834
0.333957;12.0317
5.44128;1.07211
0.373363;10.2032
0.493877;4.69995
6.02171;-0.747165
8.46311;6.9509
4.90582;0.0315271
7.38586;-0.115201
3.58582;5.30211
6.59818;11.0014
8.83813;5.32418
4.11598;3.74007
0.532624;8.76761
7.31604;2.2439
2.04001;3.51271
0.692955;2.69283
2.27856;8.54215
3.70604;3.12522
4.33628;5.5332
6.31618;1.11243
4.36245;7.99001
6.46928;-0.582696
6.44242;6.55244
0.837066;0.599474
8.9065;10.5659
8.74343;12.6028
2.50079;5.00354
2.79183;3.71864
1.13859;0.723354
5.11877;3.94449
4.0089;8.04047
5.55257;8.7805
2.94597;-0.597731
8.93939;10.3279
4.45851;8.73088
8.64023;12.7215
3.03486;8.50369
0.0892317;-0.25757
1.96466;0.440908
1.50551;1.91069
8.36154;0.942801
1.61579;1.89695
5.10836;5.8563
4.89574;8.71748
5.51549;0.578131
0.425553;-0.184288
6.82624;8.2993
6.81185;0.201214
6.23672;9.50192
8.05445;1.63703
4.0068;10.9695
1.5162;9.9537
4.8042;1.49734
7.51894;9.52933
2.53173;-0.961969
8.64001;1.94509
1.27339;0.953477
3.7556;8.92717
5.66343;12.4576
3.6287;2.38942
0.665849;5.30662
2.7033;10.6544
1.03238;-0.198657
8.2643;10.3075
7.26639;10.3847
8.96433;2.53607
6.01344;1.30305
0.314853;1.82744
3.08596;11.1859
8.5865;7.73863
7.85824;11.7968
7.51096;-0.795238
0.482318;2.52576
6.51338;8.56005
1.91789;0.776584
8.32466;3.01916
5.19635;2.1546
1.07583;8.68913
2.54311;-0.470902
4.49782;0.259213
7.65889;5.94113
3.08268;6.26807
5.94268;4.28506
6.48997;-0.955438
2.23133;8.45228
5.64634;0.694884
5.30298;5.46691
1.2212;7.99935
6.42386;11.0316
2.93104;11.9761
8.87668;2.50887
1.9255;6.89137
4.28366;3.66874
2.30175;9.61942
3.34147;9.5771
7.63626;2.11166
2.26172;1.67391
6.67268;11.7624
5.11648;5.47523
8.23305;10.4299
1.23912;6.59016
8.43738;9.1766
0.0366898;0.0244543
3.32739;9.04974
8.39316;8.73534
5.8023;11.8642
8.51414;11.021
4.34286;4.90768
1.72913;9.33606
1.62456;6.8876
4.44417;-0.594272
7.07095;9.43139
1.97977;6.37898
5.9103;10.0386
8.90628;7.00076
5.44406;0.781735
1.02273;6.59335
7.6875;0.647992
5.54001;2.13428
7.51997;6.67383
8.27333;5.72354
4.20302;11.1138
3.05007;12.2936
2.58526;6.43432
6.19048;5.54861
0.849803;1.5428
4.47065;11.3212
8.34055;9.03398
3.66439;7.16798
4.54667;4.55437
1.39419;0.54113
4.71607;2.75966
5.87216;4.29444
3.47635;2.75228
5.41846;2.10538
7.34535;6.29834
6.31859;2.96413
3.47925;-0.426518
2.09425;8.43368
5.14787;11.8874
1.27433;8.32972
0.91939;7.93663
4.91843;-0.595648
3.19539;12.351
5.51079;11.0432
3.15348;9.74107
8.73278;11.2415
0.321899;7.7188
2.27312;4.90838
8.01712;10.9647
5.79456;8.89719
3.38337;3.84269
8.91085;9.67518
3.48182;2.11904
3.92712;12.424
1.28983;7.09115
5.62737;2.43656
1.94642;1.40458
2.46916;6.99838
1.12861;11.4132
3.88387;5.66103
5.88492;4.6259
3.15164;8.65505
0.221597;7.43852
1.00506;11.8158
4.11634;9.5772
5.6012;10.6662
0.912785;7.57429
5.36232;5.83606
7.51714;-0.549755
4.0243;12.6997
5.49089;0.0137169
2.01618;10.5692
2.19747;5.9772
3.57913;4.17391
3.46528;10.6091
7.60818;-0.45524
2.07965;1.7375
6.55702;2.57972
7.18459;10.7632
1.53997;2.57922
5.36171;10.1085
0.800631;8.76033
3.65321;8.58681
1.66911;2.37609
6.4524;7.85642
1.97731;3.57845
6.34509;5.2121
1.38061;12.2884
8.47883;6.71515
2.86865;3.57973
3.42275;1.29728
3.29432;7.55929
3.23665;0.324305
7.80365;1.21081
8.41342;-0.465478
3.72216;6.42799
7.48479;6.03545
2.04964;2.32577
1.68574;4.78471
4.30834;11.6593
0.412153;8.77767
2.08143;9.51126
1.27914;4.38539
6.2998;0.179066
8.42178;-0.737974
3.70209;3.42481
1.64527;9.88329
8.34692;6.5941
7.84774;10.1231
6.30315;10.2951
7.4942;0.594931
3.0363;8.30064
5.5481;6.91146
8.11698;10.2527
8.80468;4.32827
6.37199;-0.662699
0.710962;12.1498
6.97408;2.09571
2.91545;5.64825
2.74807;2.63569
4.44232;9.03358
5.18175;8.46959
4.44656;6.04461
1.96951;4.12447
2.67925;11.8686
1.55547;0.825365
0.297975;6.14276
7.15243;8.0939
0.677717;8.75241
4.07993;-0.249601
0.694722;1.25853
0.699235;1.18662
0.90533;10.9363
3.39579;4.94344
2.94719;8.55711
6.15801;10.4948
3.59402;2.63964
4.4771;11.5076
6.86844;9.02806
2.33488;-0.148028
5.71927;5.05166
1.72115;8.36016
8.48213;12.8033
2.86333;-0.751347
6.14298;9.80062
0.642248;9.63643
8.39517;1.08675
8.24339;-0.532557
0.0147947;3.10539
4.12128;3.60753
8.78304;0.990009
1.35149;4.25319
3.61906;8.06669
2.41763;1.31389
3.2752;6.3928
2.0352;12.9914
8.64287;4.8432
6.01171;11.6389
3.62992;12.8056
8.28485;0.202292
6.81829;12.8866
7.61061;8.66538
1.26859;9.66177
6.51396;0.996369
0.493174;1.54371
4.24536;-0.570341
2.91453;7.70621
3.65326;9.16336
2.42544;8.44361
8.02109;7.86765
1.82341;0.64311
5.6951;1.28089
4.81263;3.21059
0.591291;12.1328
2.58185;12.8073
0.215446;-0.377562
8.80325;11.1739
6.6136;0.667293
5.68005;5.42065
2.35521;8.6028
5.7628;9.26756
6.44944;12.4981
3.19742;0.715307
6.21092;7.74667
7.17359;7.13868
2.32349;12.9953
6.28829;11.4734
1.46329;2.2681
1.7254;2.19602
1.54346;5.70016
1.93073;1.73608
4.70739;1.69729
0.584963;2.61042
2.8058;8.74558
6.44854;7.02825
3.43824;3.99542
2.76159;0.380828
2.88868;8.26957
1.99037;-0.845075
2.58187;-0.744943
5.3316;6.63056
0.16097;3.07539
3.92395;1.52663
4.72081;7.78788
3.67884;8.74443
0.956596;7.72599
8.02319;7.81064
7.34354;12.3905
7.98497;0.787867
5.87316;7.45213
6.31036;-0.515596
8.64485;-0.888085
1.19908;2.94105
6.03095;3.96137
2.63312;12.3977
3.35342;11.3896
4.51818;4.46682
1.58462;12.1322
5.13865;8.80846
5.09148;12.7161
3.56971;8.40812
5.42706;3.0334
2.71206;4.86537
2.20105;1.63982
4.91994;11.5599
7.13054;2.46935
8.38561;9.5395
2.30224;-0.0904806
0.308921;11.9628
3.77414;3.57652
7.94602;10.0873
1.90677;4.38876
1.64194;4.43106
2.90634;9.54758
0.79683;11.4411
6.59807;5.7924
5.0459;3.70576
6.95944;11.0679
6.79572;-0.75035
0.454988;3.22436
8.2347;10.7997
4.94596;10.8538
5.36091;10.275
8.205;7.81974
6.5814;3.63423
8.61188;7.5982
1.1067;1.36235
8.99162;3.27567
5.01005;3.50794
0.52923;8.03292
1.89578;10.0869
1.17342;9.79818
1.15243;11.6511
5.69965;11.3638
8.29335;8.57388
1.66382;10.7103
4.74016;9.28188
6.14837;0.712782
4.85798;7.32746
6.77091;2.79459
8.33251;8.92879
7.9668;-0.316776
7.90144;11.3798
3.18786;5.08455
1.85638;4.78214
0.718372;4.8367
1.84439;1.94279
1.69385;3.66173
1.02466;10.501
1.94498;-0.505317
4.54813;4.6137
7.84606;-0.551548
1.21859;6.76911
1.38936;8.45244
1.3478;11.6938
8.51595;0.0582613
5.54307;10.6398
1.11953;5.91368
6.44116;5.70037
8.356;11.9073
8.02447;-0.884303
3.0497;0.351565
1.96617;6.37885
3.86569;3.6524
3.13705;8.03883
3.30884;10.9547
0.41948;2.35207
7.97347;1.5481
7.14933;-0.435594
7.71463;12.2178
8.52311;10.2476
0.177438;6.88071
5.71332;1.0175
0.510684;3.90697
5.60435;12.7926
2.45202;6.20038
8.94106;7.55824
5.49768;1.96681
1.24527;-0.434757
4.89806;5.81694
6.17404;11.7663
3.06749;9.25659
1.3618;2.17483
8.23159;12.2395
2.40379;9.80524
8.00826;1.9974
5.17681;11.7333
6.99307;1.9402
0.482663;10.6725
5.04461;8.46868
7.37045;10.6614
1.71583;10.3735
3.99836;10.221
0.218745;7.15676
7.57688;6.95948
0.625948;6.39033
4.32371;4.74535
2.34445;7.84414
5.7344;1.45162
5.19665;11.6594
8.52227;5.54097
1.0651;6.30967
3.39061;11.5349
6.5892;5.02509
6.56193;3.09705
0.960283;6.67259
1.13045;3.16284
3.24389;6.97815
0.889622;4.38632
1.37244;12.1701
8.57944;2.1086
4.21743;5.07157
5.69183;9.20737
0.588666;2.77414
8.13792;7.99938
1.56443;10.9158
0.990228;3.09038
3.35926;5.81464
1.6877;0.475382
8.25411;11.8328
3.58228;-0.666498
4.18201;6.33091
2.89051;10.5514
0.841533;4.8802
1.88853;2.44395
3.24663;1.28351
4.21236;10.6108
5.37112;0.406506
5.02594;8.27078
3.33041;5.47711
2.7451;6.6142
2.82404;4.81051
7.52437;8.61846
8.11617;-0.670115
7.13176;10.4649
8.4617;1.66627
7.58467;4.668
6.42676;1.29472
2.06961;10.3062
5.25531;5.1571
0.482261;12.2252
5.42611;6.30274
6.966;1.79568
5.5988;3.65412
7.75701;12.8899
7.15579;1.33661
4.82405;0.52418
5.23744;4.20865
7.16313;5.77227
3.56049;7.23649
2.72388;3.70119
7.00892;1.03553
6.6659;5.89994
2.78373;12.5886
2.70397;11.5052
3.69365;3.95636
7.54097;-0.813715
7.88085;7.56639
1.91698;5.96834
8.4989;0.0484244
4.40886;9.35174
2.1761;-0.6377
7.63452;10.5322
3.58133;8.01856
2.76714;10.1095
2.09253;7.54158
1.16401;-0.842182
6.79957;11.1799
4.53713;-0.0926448
7.56542;10.2639
8.62233;2.51411
1.42733;10.1429
2.37883;-0.520614
3.67027;5.68236
4.78782;3.92982
4.96979;-0.694058
0.823861;10.1158
0.429584;12.1575
5.55942;5.2392
5.25603;11.9524
2.15273;10.4311
4.81758;4.15936
7.45002;3.07112
2.14664;3.64668
3.20045;0.107656
1.22825;3.39099
2.97114;3.1309
0.986086;7.32216
2.96376;6.24322
0.645764;11.058
7.82553;7.73531
7.94826;12.4546
3.76144;12.0322
8.10777;-0.50088
3.38875;5.78813
8.64742;7.62008
2.71236;5.94555
8.85821;0.808151
7.08215;2.11866
4.14953;0.995146
2.71692;7.36544
4.10538;7.84809
8.03336;6.92005
2.03802;2.10663
0.747818;3.17477
0.748701;12.3363
8.29934;12.5286
8.22274;3.76121
8.0748;10.403
3.38164;2.83219
2.69431;3.71187
8.00503;7.41038
7.49406;11.2317
6.56905;7.6741
0.868095;1.67336
6.8588;4.57669
7.09637;2.05538
0.273071;8.53514
7.05564;2.59503
8.12686;11.1387
4.99487;12.8064
7.3768;5.67987
8.57251;9.26595
7.35498;10.8958
4.93004;1.70141
1.11086;10.8601
4.76568;-0.819736
4.03102;4.07071
7.97912;1.489
8.83595;12.7623
3.31866;9.41406
3.43223;1.20116
8.65893;4.76381
7.54476;9.44487
6.01639;9.37807
5.51802;2.12863
6.54718;5.05861
6.30546;8.51952
1.49436;6.24958
4.767;8.99351
6.39707;8.14333
5.04875;2.36428
5.99374;-0.875909
5.42249;6.73556
1.67985;7.1798
4.82008;6.77546
2.95319;11.8369
6.41354;3.0633
2.95762;6.71291
0.326683;12.9596
2.62992;8.09176
1.98527;-0.724521
0.739519;11.8967
6.29678;2.47492
3.95118;2.21032
8.65828;1.09727
7.94164;6.32204
3.51099;6.67725
4.7868;12.8965
0.908237;9.05923
5.19193;7.91072
2.46515;11.6702
4.98063;12.8113
1.75725;11.3484
4.83699;2.24167
7.91225;10.6152
7.92863;0.396138
7.644;12.4838
0.188248;6.68566
1.90203;5.4391
7.00456;1.42714
5.48767;8.24964
6.26733;12.9979
1.88157;2.19532
8.93215;3.33971
8.52078;6.97079
8.51813;2.08923
4.26921;5.99807
1.86463;8.37449
3.437;9.42474
8.11039;2.65439
5.16852;9.94958
3.24677;4.9306
6.70717;4.34336
8.75331;12.3921
7.57444;9.51225
1.16949;5.31883
3.70407;10.5684
4.06077;7.68878
0.490956;5.2112
8.37546;-0.981743
0.116995;11.2789
1.99767;5.82298
3.39235;5.00802
1.41266;9.62343
1.56391;-0.186372
0.178599;9.47268
7.56206;4.32835
1.54496;7.19658
6.86039;1.01954
4.87842;7.45417
8.05615;8.40787
0.496933;3.29368
4.48474;6.08975
8.34587;6.73997
8.55061;11.011
4.98743;12.4829
6.61492;9.86572
4.05381;0.566851
1.8474;7.5034
7.83661;4.30649
5.98952;11.4681
1.14375;6.08024
2.44058;3.18245
0.820812;-0.531836
3.98699;7.86547
5.73579;3.73377
2.74715;8.69534
5.80336;10.2496
1.79042;7.0099
3.20759;1.08605
3.87055;11.7478
1.00864;1.31073
6.18012;6.87493
2.49273;11.4873
1.52893;1.06786
2.43884;10.6954
0.344546;4.57292
3.07003;3.33241
6.27131;5.05242
3.08609;0.957353
0.590075;12.7229
4.30144;4.19124
6.0546;0.718566
1.56911;11.2034
6.25402;6.43042
0.18605;0.749328
3.97172;0.858413
2.61003;0.791749
6.25715;6.93763
0.179363;11.1117
6.4321;3.07276
6.30453;9.54145
6.20079;-0.417359
0.561768;4.40105
4.2654;4.67444
4.7304;6.55295
3.46973;-0.950478
8.19269;-0.184386
1.13663;0.185032
8.36934;10.4966
5.5385;12.3084
8.51521;-0.206323
0.750084;2.30594
1.66206;9.90014
7.22801;1.86443
5.79331;6.24906
4.45962;3.81886
2.43676;1.58287
3.47239;3.66437
5.13252;11.0366
6.64638;0.34232
3.59326;0.736165
0.894755;3.33371
1.64043;2.15993
3.54776;0.570751
0.422028;-0.865811
0.565158;12.9024
0.596485;1.04593
2.06249;2.51329
8.32248;-0.548112
4.09997;6.95789
4.95061;12.3149
8.21363;10.4915
1.22001;3.17825
1.38589;8.88171
1.42381;11.4946
7.21545;6.80433
0.148377;11.6159
7.80302;1.78259
1.14159;2.65677
2.79858;1.43229
2.43705;4.23247
1.50086;3.71883
4.67897;4.54298
5.29207;5.22448
3.85385;-0.390158
0.117238;12.6958
8.95163;11.9591
7.19182;0.822552
2.01688;12.3431
7.52417;4.35219
7.60999;7.92829
8.45776;11.0686
4.84982;10.2946
0.54717;8.31997
0.611564;4.20449
7.55502;3.74228
6.70948;-0.913079
6.08214;2.71537
3.61922;2.69322
6.3899;10.6248
2.76626;9.12222
7.27752;3.22783
5.83801;7.50787
3.88953;11.2187
5.04706;2.75464
2.29558;4.68874
8.15331;1.72742
2.41541;5.2271
0.0141261;3.60846
0.99454;-0.0267037
6.30833;12.2993
3.6743;5.24992
8.60544;0.176686
6.40626;4.01614
3.13066;4.90514
1.69773;8.17298
1.3033;12.9615
8.6148;10.1087
5.4446;4.45118
5.9962;1.32036
5.91803;11.8983
5.14871;6.88876
1.04512;10.7664
0.0744765;0.647718
1.5267;0.662914
1.68494;11.1878
0.618578;7.33659
2.85284;-0.65153
6.11568;-0.596964
3.44868;-0.616811
4.05526;7.00552
6.14325;7.33553
5.12166;7.95697
3.49986;1.4364
0.262382;-0.228351
3.05792;8.61397
8.78784;11.7659
2.25175;0.295714
6.77075;2.61858
1.89221;11.9072
3.39525;4.56445
7.13249;5.24373
8.93638;0.532722
4.23784;8.41432
1.24442;10.9568
6.2984;7.24393
3.83293;4.35367
1.65823;12.9294
0.199697;7.0237
1.52084;-0.28121
5.65415;6.12252
6.64249;7.46532
3.7854;12.8355
6.27495;1.42067
2.22047;11.7045
0.853603;7.73556
2.7443;11.4228
0.629544;3.16995
8.97141;6.57149
8.73274;0.891283
3.5539;8.38177
6.5155;10.4906
0.472785;11.7147
7.34141;0.0460835
4.33182;12.7857
1.13456;0.53373
4.44102;11.0976
6.42796;11.7967
7.67129;4.76008
0.782566;0.387195
2.87006;1.54515
6.50749;7.73345
0.622257;10.102
8.29504;-0.0765198
3.00442;11.4877
1.80949;9.20183
5.05892;11.95
4.94514;7.60488
7.49871;4.11242
6.20419;3.40304
3.14881;10.4158
3.8165;10.8064
6.1158;0.93582
6.81626;6.4466
4.94736;10.8204
5.67887;11.1604
0.23499;3.95655
4.43179;0.333494
1.32339;4.7973
1.45091;5.73213
2.75462;4.07174
1.88612;11.1544
2.58539;9.62641
4.34525;0.686378
1.11782;1.41024
3.91463;5.63699
8.88819;11.0262
2.85647;8.33955
8.97558;0.0464644
1.79109;6.65791
8.27155;10.6199
3.74037;12.2324
1.65631;11.7123
0.363785;3.63509
2.89899;1.82286
7.3075;7.79451
5.0751;-0.698816
4.46715;10.9163
7.02488;12.7082
8.74459;11.6664
1.36184;4.69211
3.40934;0.944498
2.39034;8.74682
7.25403;2.68032
6.93854;-0.929809
7.28886;8.66013
7.51508;2.15659
5.71662;-0.733386
1.2014;8.45841
3.15109;5.37839
7.8951;1.26892
0.754003;5.17587
1.65221;7.1218
2.63069;12.4977
5.03356;2.69488
7.81979;8.9484
6.0345;2.46754
7.64543;12.1053
8.49494;8.17694
1.79076;9.00763
5.94459;-0.876141
3.64356;5.93726
2.10886;-0.439709
4.63106;4.14929
6.44059;11.1056
7.41065;7.29998
0.240747;11.7006
0.305904;1.9446
4.3858;3.56804
1.57005;-0.347661
5.31188;-0.393579
6.81476;2.64992
2.61897;7.49364
1.77122;2.28831
2.35966;4.54086
8.54739;11.9177
3.6416;3.96371
3.76391;7.94516
3.55115;12.0588
0.0607152;0.542707
7.17713;10.6221
6.32744;10.5389
6.63601;9.31853
0.31083;2.14504
0.569941;1.92581
2.44117;8.1495
2.27072;-0.601881
8.2282;6.60619
5.71613;0.554649
7.00361;11.5623
4.5614;9.19045
7.38003;11.7602
0.741963;2.33502
4.95346;5.67817
1.53891;6.79982
5.28485;12.5583
3.48553;3.06356
7.13391;0.744621
0.245632;10.5807
3.14335;0.268668
0.32562;7.68704
6.69739;3.03875
5.84046;8.21759
7.48604;2.97692
6.92501;7.53945
1.63238;2.86774
3.04065;-0.980706
1.6894;4.88407
2.15634;9.33333
8.07572;4.74817
2.65703;5.78311
3.41129;8.5551
6.97286;1.40365
7.2641;10.2288
8.98994;1.18938
8.03406;-0.509121
6.99199;7.9156
2.91191;4.96159
2.65705;1.17458
6.38904;-0.0945809
6.88759;11.4778
3.06846;0.443929
8.03382;6.40111
4.71085;0.851361
2.40072;4.89023
4.88541;6.8676
8.14715;11.906
2.20031;8.52001
0.841907;-0.27758
4.3385;0.293992
1.87187;4.24621
1.14742;12.7882
0.104019;5.3145
3.69631;3.29499
5.45727;0.688322
3.34312;4.20311
0.106765;8.97357
4.27309;11.6631
2.16944;12.975
0.330744;6.10913
3.77053;7.11402
0.627899;3.5386
4.51286;3.39943
0.0376818;7.32964
3.29262;5.80739
6.18662;7.03365
7.74874;10.4085
5.02835;11.2154
2.39336;12.5717
1.61383;11.2121
0.810012;6.71081
2.19548;0.426098
2.36853;9.06223
0.0573606;6.05906
6.45253;-0.396282
0.108123;0.902526
5.60426;0.144923
4.14073;0.737747
3.56423;5.49975
6.47189;9.66621
8.55459;4.69102
3.02134;10.3607
1.99255;11.5217
6.1561;5.82253
7.77436;11.0866
3.23654;12.3535
3.72688;7.44982
0.501145;8.48175
2.9006;-0.131214
1.63338;-0.450688
0.94661;1.709
1.57618;9.19024
2.47752;7.89297
7.66799;8.39828
0.895317;6.99538
3.8986;-0.300145
8.7984;9.76435
7.75324;1.78592
5.96963;6.63675
6.17686;6.37954
3.67926;-0.356923
4.32836;10.5207
5.84543;6.51256
4.50155;12.6049
5.38801;8.54322
0.0991629;8.85385
7.87643;1.60609
3.88549;1.10615
7.39225;2.97209
7.39571;11.8918
7.69337;2.56892
8.73748;10.6539
0.214247;10.6522
0.282721;8.61937
3.40005;9.04824
1.92787;10.0123
6.87299;8.73191
5.48546;4.78421
2.08573;0.535346
3.46446;10.6258
7.12194;4.54341
4.80836;8.33079
5.23896;12.5238
7.35232;4.64856
2.24733;7.94137
2.91879;0.463308
8.04233;3.13197
8.43247;11.8436
1.14698;12.557
5.44046;6.07317
6.17478;10.4618
2.62635;5.29653
4.62456;11.6184
7.76619;9.43823
0.0988195;2.4699
5.18403;10.2323
5.79427;0.543707
4.21912;2.16281
0.686227;3.00002
5.66445;3.56331
8.31947;12.3517
3.87425;10.4517
2.2395;4.14379
6.61838;4.26787
3.02191;3.75819
7.93352;-0.694045
1.42717;1.42648
4.24445;8.4138
0.67169;3.68322
3.76202;0.19857
5.24129;12.9161
7.99126;2.16643
0.938426;3.99393
4.06879;1.52724
5.78183;0.1406
4.55821;6.93535
0.316482;12.1172
3.46309;2.97598
2.73918;0.682281
5.94247;7.9617
4.1403;6.58489
5.95778;7.6605
6.43588;0.870134
2.61919;10.0562
4.21287;8.92632
7.87808;-0.293522
6.32725;9.68564
2.48972;10.3022
1.07973;9.20214
8.89033;9.67353
7.29176;5.91995
2.96285;10.835
3.881;8.99591
1.16423;9.29806
7.50741;10.0549
3.38127;3.11866
2.9827;-0.472595
8.21518;-0.348877
1.54127;1.85346
7.52615;7.9509
8.21558;8.96212
6.20831;7.62217
4.27356;12.5303
3.8085;7.32734
6.25655;4.75374
3.21484;6.07515
8.14737;8.60975
3.15655;3.7108
3.60363;5.72122
0.648552;2.28384
2.42749;5.26861
4.75875;7.41585
4.36887;5.18166
5.82877;8.19356
5.80829;5.77431
2.66429;6.81491
1.75913;12.8018
1.56669;8.38419
8.57064;7.36142
2.38598;8.06452
0.0740338;7.7124
1.3755;11.7889
2.77852;6.04987
2.24978;8.9278
8.85284;3.50852
8.4932;2.54717
6.92816;5.61414
7.69051;2.57315
8.22587;6.02999
8.20717;6.83092
8.87419;1.91115
1.05803;1.54073
1.74406;3.08291
7.66602;1.04508
7.99992;0.63645
7.14189;11.5595
6.65283;12.2493
7.29537;-0.329005
4.04945;-0.151995
6.81351;5.07022
3.44348;8.81044
6.18261;1.13365
1.55866;6.58041
3.66866;0.220375
0.392403;3.4735
5.81869;-0.585298
4.74728;9.69712
1.89992;9.09764
0.501446;-0.119651
7.80604;12.2244
1.61794;8.25232
7.57533;11.8656
5.46531;8.13219
8.70213;-0.199262
6.41584;9.13544
4.41705;0.336717
3.82235;1.48836
2.23095;7.37045
6.47278;8.17717
6.16553;9.67918
8.77543;3.64212
7.13178;6.03533
0.86094;-0.950693
2.01405;1.11927
0.597636;0.275696
0.863756;2.44645
6.76801;12.1275
1.48635;4.02962
5.30978;0.848747
3.74809;3.23985
7.70412;11.7013
3.58493;2.93006
0.76479;8.04693
7.90747;10.2584
2.7155;6.89133
5.10276;2.87478
8.05722;4.0315
7.01365;12.8727
3.26623;-0.956912
1.28055;5.01046
0.847789;2.33558
6.07944;10.8468
1.58338;10.769
1.84913;9.7227
8.75428;7.70678
0.618777;10.602
4.76235;5.53911
0.984864;7.59777
1.0196;12.8325
3.76471;4.81014
4.96533;12.7938
6.22602;5.2573
3.102;5.59504
3.94071;8.90614
4.26737;7.12195
1.2321;6.95691
7.36556;10.3735
3.73096;12.9206
5.87734;7.68014
6.8421;7.76029
2.1773;10.6058
4.09001;9.79501
2.66459;6.89425
3.46679;4.73096
4.96721;10.249
7.41928;0.450623
7.09896;6.22603
4.9551;0.868163
8.88497;12.8379
7.56919;5.4592
5.11706;12.6909
0.267497;4.41741
7.11283;5.21982
3.43156;5.20693
0.578544;0.981261
0.621787;3.28687
8.73455;6.32947
0.695498;2.732
0.786675;5.47467
6.08333;7.95049
2.39378;6.00406
6.68643;-0.233504
0.147917;3.10904
1.69371;-0.948838
2.53733;-0.591042
4.18523;10.9068
0.0641915;5.92647
2.13702;10.1643
8.45118;7.66224
2.16719;-0.953756
6.84225;3.33841
2.78558;9.23057
7.50078;4.415
8.97594;11.8916
7.64336;8.42553
5.04134;0.613334
1.56188;3.2432
1.52989;1.65968
5.36929;4.01449
1.74269;11.2992
3.4865;8.2212
6.56102;4.5233
1.38064;12.5303
1.72772;0.293954
5.26662;5.05875
0.861556;3.83602
6.68389;4.67331
0.685666;7.06504
7.1282;0.0291608
4.47213;7.97799
6.72087;-0.201275
6.80871;11.8843
3.24124;11.9712
0.992545;12.3942
2.5622;3.2548
7.51716;8.40909
8.66315;6.89939
0.599392;0.623673
4.77622;2.61995
1.87562;0.622193
6.22202;3.25783
4.15171;5.07586
6.3843;6.5248
0.0905815;6.01946
5.49898;6.09754
1.28407;4.00865
5.07617;11.5888
2.5026;11.9382
7.43137;4.43689
7.92794;0.545552
6.23037;9.0257
7.04227;8.16769
2.52327;10.887
6.93731;10.3548
0.96877;12.709
8.34233;10.1857
2.5501;4.43517
2.0967;12.898
8.33141;2.40244
4.44691;6.51393
6.74999;7.91486
8.05023;3.39625
4.82376;1.41551
2.14357;4.06354
5.04797;0.66679
4.2487;2.54408
7.5166;2.56373
8.17186;0.617583
0.932629;8.50314
8.33937;1.95773
5.92209;10.9493
0.0921883;12.179
2.17573;2.40494
8.40659;1.34444
4.37617;4.99434
6.33752;2.30736
0.584487;7.38095
4.95232;7.41283
6.94058;10.0381
8.66338;3.64885
8.1674;5.08545
5.26688;9.39734
6.20304;5.90471
7.72388;10.0999
1.54791;9.98727
0.0370711;10.62
5.74494;-0.79893
6.94219;11.321
2.31815;8.87588
0.427807;9.41339
1.20228;9.52385
8.82048;1.77942
3.15308;6.42436
7.19501;0.701251
2.8687;9.66861
4.08221;2.16726
1.77047;-0.456968
8.7201;11.4032
4.78783;10.5795
6.10918;8.8556
5.50722;8.56084
4.80574;2.50336
6.27551;3.27455
1.17283;12.3679
0.0967015;1.48988
6.28798;1.02064
8.36597;8.50205
3.08575;2.91852
1.88126;0.992308
3.61271;6.38883
8.13916;10.9699
6.78606;0.414972
8.04401;9.12069
8.88313;4.96064
4.95013;8.32138
1.16758;1.26699
3.13857;8.29183
3.70951;-0.355872
8.72124;6.59475
0.00774332;12.7168
6.48298;8.79335
1.11693;8.09835
3.40419;5.53751
8.36799;7.22181
5.48345;3.63664
1.03541;6.19073
1.67561;11.1667
5.53224;0.119412
5.32762;7.42391
4.55146;0.987617
2.40769;7.8963
2.73511;7.62751
2.69237;9.02496
5.96034;2.7545
2.32696;8.28368
2.23155;12.7043
3.26381;4.20875
5.65887;9.37243
7.55117;6.81956
2.95344;5.27607
8.00756;5.20488
8.65723;0.0627132
2.81032;7.0725
1.40279;11.659
1.60484;8.26218
0.415695;5.24171
2.67331;3.90125
0.558783;7.3466
0.595421;9.14086
7.77928;3.54592
3.48721;0.572412
2.73231;9.50158
4.35932;12.053
4.41901;3.52742
4.41805;10.4683
6.9451;4.32873
2.3613;9.27029
4.10878;7.04475
2.7918;7.57356
4.30956;5.83921
2.46584;6.3504
8.40916;6.99422
7.87606;12.9501
1.50482;12.1779
6.48707;-0.558068
2.39386;0.51554
1.29494;6.97405
7.72529;7.79551
4.51736;3.89113
8.56474;12.8995
1.51675;9.12642
3.36102;5.03252
4.11217;10.6197
0.0496699;9.73951
3.98138;5.78103
2.30061;9.02901
0.0844913;1.65964
2.58636;11.3831
1.67772;5.36406
7.43203;11.7008
4.37528;0.284725
0.139062;7.82033
5.95207;11.2334
2.32447;1.28578
2.00865;1.93876
1.40485;4.48394
8.39904;6.41357
7.40344;4.46189
3.23568;10.5937
1.41519;10.2265
2.81234;4.78013
4.66428;3.50619
5.42557;10.2788
1.85739;10.0496
2.34182;-0.549791
6.26807;9.44882
1.11532;8.96665
3.38731;9.99371
5.27149;7.88499
8.53682;10.3247
7.60098;0.46481
1.80553;9.88893
5.70753;-0.674941
1.51124;12.9117
7.66208;3.55223
7.16027;1.29354
6.64223;3.39374
4.37126;3.77212
1.07519;8.689
1.17108;4.31535
6.51806;10.572
1.13411;10.8741
4.84628;6.03332
5.70076;0.738752
1.2332;7.14735
8.3979;12.7421
6.17924;0.871998
6.83421;3.49054
1.41239;11.9818
2.82999;-0.884157
2.27189;0.540395
1.54889;12.8664
3.8148;8.20912
2.98191;6.60665
3.14879;5.4602
8.307;0.0373295
2.59214;-0.313826
8.30023;10.5709
4.96253;6.77933
8.55619;8.63781
1.23858;11.373
6.02992;10.5388
0.157519;5.01087
1.3046;1.44209
3.20959;5.43158
1.64438;7.52673
5.12484;3.96732
5.39558;12.9061
0.113423;12.0317
4.82963;4.07456
3.53048;5.43476
3.92907;8.52406
4.57774;4.02336
4.56103;-0.159568
8.2303;5.40457
6.73601;-0.270637
3.07131;4.85812
7.8867;4.02263
7.63006;-0.702428
4.79875;1.86168
4.32588;9.02265
7.32112;-0.29888
0.636405;4.78154
0.39036;0.1664
3.09419;7.11999
4.01204;9.30504
0.356623;11.3528
3.74728;6.67568
2.17042;11.924
5.47464;1.17889
3.42554;3.99436
1.86959;9.10621
6.97659;0.176448
0.725686;7.72146
0.947584;7.59356
7.44631;7.20317
2.96756;7.97155
5.72419;4.60617
0.484132;8.51152
4.3538;4.56628
2.33454;12.0135
1.20299;3.18625
7.30695;6.70043
7.62552;-0.257428
4.25859;5.37804
1.87808;10.9531
7.31083;4.82971
5.18098;7.22487
4.50396;8.18814
1.89407;7.48018
2.4311;-0.470519
1.72501;7.39791
6.10781;10.5876
0.00262595;9.25413
4.56374;5.77666
1.17027;9.73065
3.72226;2.69174
0.589437;2.15656
7.32354;11.7788
2.50658;3.01664
3.31513;5.82059
1.26625;1.52927
8.13234;9.02902
6.91338;4.65646
3.35389;12.7005
0.0878426;7.99887
0.14783;1.81999
2.18365;8.73099
0.262049;2.40087
3.84758;6.50679
6.54269;6.80553
2.72407;0.967711
7.3911;4.15434
3.29417;7.88944
2.52847;8.0234
8.29676;8.09004
1.18542;-0.124202
7.46955;-0.505709
7.01024;7.37345
3.95406;1.12199
5.19038;5.2874
7.14912;7.30388
5.85475;-0.482361
2.59385;8.51502
2.51904;9.01999
1.94259;-0.903968
2.45927;6.25925
1.32669;0.322796
7.98017;6.18801
6.56501;1.34676
1.42162;8.11831
7.35223;3.0554
6.42478;8.05611
2.9248;5.89892
2.20472;9.70044
5.79916;10.5035
1.92075;5.14177
3.7333;11.0952
4.28105;8.84224
4.89231;9.57791
3.76858;9.63207
6.86182;8.68776
2.50156;11.7377
7.07821;1.30491
3.80938;6.22278
2.99036;7.1371
1.50499;1.08848
7.83804;11.3352
7.16438;1.74219
3.36479;-0.425856
8.64169;-0.744975
7.76419;1.43047
4.11222;2.88499
0.33795;12.0562
8.82464;7.13596
6.19335;4.58945
3.06516;5.30805
0.821064;7.65934
3.24368;11.2878
7.04844;9.97143
3.54249;0.615917
3.28406;6.85164
2.3814;2.30103
3.97725;-0.151021
3.88493;10.4209
0.914865;4.48585
7.50598;12.5007
5.08906;3.07276
2.17655;7.44201
2.01147;2.11296
1.65727;11.7631
5.59441;6.34599
3.26;8.97963
1.28914;9.11684
5.31475;11.9696
4.55674;12.7779
0.376386;11.1968
4.90473;3.28988
0.962888;12.8164
3.30355;6.54104
7.22401;5.56198
8.37443;7.91332
3.89747;5.9432
8.3482;8.44847
0.890496;1.11504
8.07521;2.96318
0.564496;6.26385
7.27018;4.94921
2.08509;12.3145
1.32818;10.5109
7.8969;8.15432
7.25709;11.8696
4.72572;3.91839
2.03107;7.84894
3.0438;7.2983
1.53642;0.972148
0.553039;0.416873
6.9978;5.92301
5.37433;8.87156
1.52453;8.74529
7.70567;-0.0670841
8.81259;11.8647
5.26935;10.0177
3.09466;10.4402
6.6421;5.87997
5.75429;7.61622
1.30776;5.23993
4.81229;8.3854
7.1732;9.64522
2.72208;0.893113
3.17798;5.62432
2.48481;4.8038
5.16934;-0.249266
8.18152;1.40127
6.82862;0.0982988
7.80851;7.6089
1.30578;10.855
4.80446;9.22798
5.70387;11.2875
4.92957;4.20484
3.32196;1.61934
8.88497;6.20179
5.69525;6.30684
1.66319;5.01759
2.54061;5.82153
5.08545;7.89558
8.64376;10.776
0.449603;6.48705
8.05288;12.4262
6.35678;8.14899
0.337176;7.03489
2.41579;1.55571
3.78639;10.2315
8.21809;-0.237368
6.11937;5.45192
3.83623;-0.313481
5.83153;4.78854
5.07105;2.93054
8.41846;9.47549
6.39523;2.04744
2.11952;2.85883
7.67766;1.74288
1.05094;11.6424
6.57638;-0.838502
7.75839;5.11826
5.98532;11.5931
0.0984557;12.0684
0.738519;5.04309
6.62135;12.9325
4.37511;4.8189
4.10427;11.7732
4.18205;0.45568
2.93254;-0.606278
3.46257;2.65712
6.98735;0.334346
4.31007;-0.833759
3.33847;3.64758
1.87015;5.82798
2.11499;12.1391
4.49324;0.358584
3.3797;1.29997
8.96894;4.41046
0.879654;0.100488
7.363;10.6682
0.664063;3.25928
2.24172;6.4174
1.94945;8.99254
5.70413;6.59421
6.67688;-0.740698
7.233;6.25548
1.02449;2.95588
4.77111;5.78683
5.5308;9.33084
8.75238;10.8934
6.08779;5.60428
8.51916;-0.272794
5.72416;12.2037
3.94565;9.2726
0.195557;2.59123
5.10482;0.337186
5.04675;10.428
5.62795;9.88298
4.77032;2.62767
2.87819;2.80676
2.49877;0.728517
7.11144;4.48062
3.65426;3.48397
7.88622;-0.712136
0.523806;10.8823
7.83084;9.2847
2.8842;10.4333
7.07908;12.3908
6.83811;2.14958
6.21218;9.94125
4.33338;2.60422
7.89328;-0.40869
0.663542;6.03303
7.37633;7.45267
6.85331;0.951481
7.88107;-0.452319
2.36571;8.32168
3.87534;8.3644
8.87506;3.29576
6.20503;-0.379543
1.40015;6.83357
7.01046;5.66456
3.38587;6.91707
3.89272;0.903968
7.11427;0.718741
8.25764;2.80745
3.4219;10.1237
2.82778;5.35514
2.67216;0.873054
0.519309;-0.182609
2.45863;12.0673
0.877546;6.50453
5.39289;6.39338
1.84431;7.19458
7.51444;11.5212
5.66681;12.8672
4.08521;4.7202
4.19895;10.6217
8.76681;11.5871
8.69506;9.70391
0.196583;11.3709
0.328737;4.62876
6.10363;3.91013
7.70394;12.6512
4.36062;11.7917
0.301248;9.60772
7.62362;0.83368
2.64359;5.2479
5.93168;5.98119
0.28445;5.91619
3.53724;8.25751
4.36072;10.8571
0.628529;12.315
6.09353;-0.385022
7.65135;8.00448
7.27643;11.2079
4.7413;10.8303
2.46642;1.86988
1.76168;0.820558
1.62071;8.52358
0.393603;1.98971
3.94155;11.4712
3.10075;9.24356
3.03373;-0.949555
2.07305;4.16161
4.47855;7.72712
0.269437;12.75
4.23275;0.396837
8.39895;1.0631
1.29331;9.96713
7.11487;12.3307
5.89823;3.44294
7.17491;12.0117
4.7011;12.9014
0.535016;8.83392
6.05889;0.444519
8.24376;0.556251
8.94584;2.64702
7.58559;3.63489
2.37694;0.0245544
6.29775;9.6641
6.26894;9.21562
6.69476;1.33595
7.46515;8.47911
2.82796;12.6243
4.14401;0.466634
8.3282;0.621267
3.79901;9.11595
0.4069;12.2224
6.4397;0.465203
5.82191;4.44226
1.87054;6.87994
4.49905;1.82548
7.41019;3.79833
4.79595;0.224417
3.74328;2.25686
7.64262;0.574558
8.66088;7.30259
2.5139;10.0849
2.43109;7.30956
6.8845;9.22794
6.28469;8.6642
7.61734;0.685762
3.71582;11.4822
0.583812;0.797473
8.96616;8.96446
4.65412;1.85708
2.4714;-0.761748
3.65308;0.371355
3.2378;12.1429
1.66871;9.85946
1.54272;-0.515711
7.9933;0.872278
5.64871;1.34452
8.32964;11.5686
6.84905;8.66645
5.6549;5.43027
3.42685;5.64572
5.21745;10.1108
3.29649;8.02419
8.29818;4.07524
3.20699;5.14802
5.09935;7.83305
4.10546;12.6149
6.55997;10.4228
8.20145;11.8002
5.32434;0.1576
8.54001;5.71632
1.94778;7.07135
5.82483;0.987103
4.26853;4.71493
7.49157;0.436445
7.80763;1.9842
5.19568;5.26123
0.0610781;12.21
0.826342;12.0033
2.75482;5.27407
3.31156;11.2176
0.711718;10.5376
7.6066;10.3115
5.76028;9.59029
6.50038;2.24274
7.55222;8.39616
6.40225;-0.222227
2.22911;4.01991
1.77742;9.10744
6.90096;-0.581573
7.42107;7.88003
2.1874;4.62604
0.733669;2.49764
3.10891;1.42668
1.60774;8.12137
5.59334;6.65224
4.71791;8.80787
3.33632;4.17145
4.57675;-0.849741
1.13255;2.23109
2.18121;12.5096
8.11752;12.3521
0.184767;1.09475
2.81055;2.05229
7.84426;0.106797
2.23118;8.74607
6.4201;5.87335
0.882073;10.1281
6.66706;5.2082
8.71378;11.8719
0.854721;7.25552
4.1941;7.66853
2.61218;10.714
8.89713;10.1828
7.62702;0.601732
0.266059;0.257245
0.714455;12.0411
0.391696;0.398791
0.730202;3.98127
2.86141;12.3381
3.91376;6.9218
5.8398;1.07489
0.511168;9.45624
8.48763;10.1661
1.71286;11.7578
6.45304;2.99401
4.50854;1.56222
8.1402;10.0767
0.177563;11.5025
5.30965;11.1405
0.067023;7.67333
8.61281;0.215633
4.95929;-0.992994
1.6807;7.85032
3.20675;6.06551
5.26395;10.0763
0.634699;2.2725
8.45437;0.78246
8.82562;11.3542
8.3241;1.39319
7.14341;7.98666
4.10605;3.12526
7.42428;4.04974
0.77267;10.8251
2.2836;8.46139
6.40642;2.65652
2.65803;8.36324
3.1321;10.8492
6.02373;6.48658
4.30681;-0.641478
0.354911;-0.112149
7.35098;0.539392
2.67451;9.5861
2.13548;2.8891
5.74735;1.27045
4.03861;5.05229
7.23671;11.6695
6.54271;7.80598
2.39093;10.3795
4.26283;6.27148
4.3977;1.59661
7.02514;9.97559
7.68847;0.800153
5.67305;6.33009
5.97004;0.524226
4.94268;8.83881
1.55062;4.12348
7.31456;5.57243
1.09902;-0.299943
6.72527;9.6499
1.90961;1.74381
1.73713;-0.772386
0.908546;11.8797
5.80731;4.13251
6.59522;0.664661
7.97399;2.1001
2.73939;8.33199
0.0486537;1.22111
7.15638;7.90043
6.14006;5.41887
6.70157;2.23982
1.45137;11.8367
5.37641;12.6359
3.47732;9.07288
0.215965;0.870694
4.32179;2.30645
2.96647;8.42497
2.2719;5.0278
5.33875;11.5677
7.17449;3.56394
0.149352;8.5643
4.92688;3.49359
3.14762;6.73972
4.3166;1.02844
1.69724;1.26591
5.43041;12.0648
3.5394;9.705
7.651;12.869
6.64771;2.31072
6.39122;9.67683
3.33091;1.66468
8.98925;8.79592
7.77192;2.51735
1.17239;5.39437
1.34037;11.984
7.04463;1.31734
5.49536;3.62236
4.37846;12.4446
7.94706;12.5256
0.946975;0.00224324
1.15171;8.92038
0.0431095;6.29727
4.25917;10.9686
4.60691;1.96626
0.822425;2.1082
8.77056;5.46074
3.71114;12.6264
1.45071;2.86254
2.02097;3.08038
6.59373;4.22875
1.96998;6.21524
4.85106;10.6128
7.60988;-0.642973
7.10832;9.19968
8.92457;11.5305
7.20124;0.67421
5.43268;10.269
5.76738;0.0762221
5.93846;1.13778
2.59874;9.51693
3.37242;2.68558
1.91421;10.0189
2.12912;4.23433
0.566625;5.4557
5.98802;10.1383
7.51143;11.3791
2.79872;4.23054
6.42335;1.19117
3.59201;6.04926
7.96555;4.47024
3.58696;8.59278
4.59286;-0.969435
4.41114;1.11593
0.711506;1.09936
2.73453;4.14927
8.11047;8.4997
5.67955;0.593954
4.19051;11.1468
4.38961;6.39999
2.95876;1.14298
2.91749;1.28697
0.335639;7.89189
4.83269;9.51398
7.12483;12.1051
2.29066;8.47392
2.94128;8.14296
3.25716;10.7198
5.89727;10.9285
8.89437;9.28032
0.017887;3.0894
0.919023;11.6441
8.73585;9.26445
0.153043;5.10767
5.40724;6.06635
8.68349;12.0138
5.92028;3.04598
0.836198;8.73143
8.3172;7.81826
4.01491;9.02093
5.09358;8.80866
3.5324;11.4987
3.18318;9.56155
6.56899;-0.874849
5.45786;9.05411
6.68923;7.51783
0.0922591;10.8351
4.60411;12.7326
5.20683;6.40001
3.75446;1.51077
0.2998;4.34793
0.980073;8.67568
6.03894;1.82531
3.47601;7.33178
7.48516;10.6525
2.79817;4.56692
4.79648;8.84756
2.61359;11.4128
4.12014;-0.715991
8.06012;-0.100889
6.64594;7.94343
6.05375;9.48164
4.3576;1.57889
6.5663;-0.122006
6.415;1.05452
2.17849;9.44525
4.75872;3.91333
3.93489;1.79636
4.97484;10.5281
7.1538;4.38221
5.90181;0.480846
7.03873;1.64178
7.28255;0.0147148
0.67795;2.73751
0.834894;12.5925
2.98068;10.6368
5.48742;-0.94644
5.21903;0.314467
1.69229;3.33274
1.40944;11.6113
4.1061;4.58123
5.82209;12.7897
6.7465;0.177525
1.66248;3.23319
8.16787;12.7142
6.18133;6.88617
0.768253;5.56453
6.76796;11.5235
4.87237;10.5825
1.45348;7.87797
7.18398;5.89759
4.1881;4.71106
4.4686;-0.366695
4.51641;8.5836
3.19246;8.21799
5.26817;10.3533
0.513784;2.25153
7.16337;10.2938
2.84725;12.7291
0.98162;2.13463
8.64213;10.1424
7.0848;-0.361631
2.383;6.54874
8.46118;10.2861
3.29868;0.422805
3.96264;1.30636
5.34883;11.6789
5.15406;0.271547
8.55786;0.0429515
6.97831;3.27827
6.59632;4.05008
1.04887;10.0602
5.33675;11.7746
5.37039;11.7307
8.03809;8.8809
1.19912;10.947
4.51496;11.8861
8.09059;9.73016
4.13668;10.7472
5.15334;10.5661
8.46643;-0.81959
8.91802;6.4904
8.26672;6.88989
5.63268;11.1716
5.74254;4.61709
1.5749;4.19379
6.85747;3.08142
1.44897;3.96878
1.83601;9.60789
2.37821;0.359708
4.17136;4.56473
8.55431;12.5121
2.86124;10.8921
6.58428;9.88566
6.19668;3.25851
5.43328;7.80928
2.85359;7.32423
1.47837;2.29826
1.42337;10.0616
0.944893;10.147
1.72203;2.91968
1.50477;12.3459
5.14357;3.5947
2.77372;9.85712
0.773092;7.01411
7.85368;6.69137
8.72926;10.5235
4.63077;3.02967
6.05289;2.44564
0.588423;4.05488
4.95267;8.36709
8.91268;11.1431
2.37299;1.16384
0.926574;4.90545
8.50209;1.91117
1.96227;0.904192
4.39126;4.39317
0.803627;-0.168047
6.42077;4.56476
7.5144;10.1905
8.72928;8.9059
3.13832;12.1577
4.77607;11.0853
2.04904;1.84505
0.984149;3.10272
5.07853;8.23505
8.65916;6.7641
4.74308;2.16113
6.38225;7.81946
5.82851;8.15341
7.54112;11.119
7.10846;3.56148
2.25782;11.3077
3.46721;12.5
2.48943;2.08251
6.87246;2.45132
8.3497;0.572323
1.67724;5.41786
8.77987;4.79644
5.95473;0.188481
6.36374;2.16284
6.70084;8.36896
7.02446;2.80166
8.05505;5.85488
8.11358;6.59666
1.29104;9.35176
3.67435;12.0659
0.587086;8.22782
7.31159;5.30668
5.61076;0.246031
6.03591;4.41834
3.01973;7.37761
4.494;6.3064
0.511371;5.64824
8.42325;9.05837
5.03789;8.00199
8.49935;3.26026
2.8099;9.14815
5.18266;1.90103
1.93052;5.68304
6.74852;4.01132
1.95095;1.21335
2.62107;2.94805
7.35503;0.450795
6.59233;5.16901
1.73367;4.64392
7.44901;6.39418
0.0138424;3.57801
0.450375;-0.183002
7.21688;12.8034
6.99131;4.06298
5.66062;9.09659
5.99351;12.1764
4.01447;2.38516
1.33547;8.24777
6.47242;11.5751
0.166559;12.103
0.506855;3.33631
1.96139;11.2296
3.72028;12.3058
2.82768;7.48393
3.18196;0.985965
1.20735;3.97124
4.2197;1.57869
3.72101;2.79023
1.53136;1.66361
5.69135;10.1875
8.20298;3.17645
6.6625;4.00494
4.86104;11.4413
0.162454;2.62981
7.08196;-0.488202
1.75681;10.8048
3.11664;4.78388
6.4507;9.6352
3.27193;-0.56696
3.29087;9.03937
1.55507;5.99723
0.649683;7.98298
6.15595;5.79886
8.21135;10.958
6.08302;6.62643
5.87929;7.22267
7.58757;4.50945
8.50346;4.36449
2.53976;12.4803
5.78205;-0.0328782
8.99493;10.7271
8.21053;3.84021
2.25707;7.80637
0.948481;7.60067
5.93962;5.59454
2.98288;10.6584
8.73757;4.65066
4.26947;8.1677
8.00326;4.41461
4.58083;6.91199
8.38353;1.2713
1.37228;9.84392
5.00191;0.36226
1.4197;10.7315
0.541652;10.2027
8.1634;-0.165322
5.74062;10.4706
3.64814;11.4409
4.03517;6.1503
4.5267;0.516335
8.83597;10.6816
8.46948;12.3366
2.14215;4.81614
5.46707;0.781746
7.21977;0.630067
6.23169;9.2718
2.50802;10.8284
4.57439;10.6821
8.47971;8.32414
6.05161;-0.966778
4.19584;7.11224
0.557936;0.456721
3.58894;5.54279
8.93416;10.8597
8.8027;5.93911
8.5989;12.4379
2.97043;11.5508
8.21222;6.9529
2.80733;6.27889
6.25799;0.597704
5.72719;4.42838
7.63039;11.8103
2.09364;3.98522
6.74515;1.44743
0.198874;4.90607
1.5947;5.83623
0.0117688;2.34855
5.33118;4.6011
6.35872;7.19053
2.22482;8.58443
0.726194;1.83689
5.8001;4.75031
0.892091;6.79694
8.80921;4.75465
0.691605;8.43786
4.72651;8.98479
0.556872;4.22185
5.654;3.12302
6.56169;4.28757
4.22386;9.51643
7.19591;8.0511
2.15528;10.2119
7.97121;10.6456
1.80839;7.291
3.7518;5.27388
2.49135;5.96577
5.85692;11.8978
8.17462;9.49847
4.30376;11.4193
1.44843;6.77057
5.05102;8.60547
2.41416;7.72339
0.531848;11.5505
8.25841;10.0344
2.46731;4.41687
4.8541;0.0316823
0.30084;9.90348
7.8709;11.8676
5.49584;0.0566794
4.60197;-0.614785
4.7125;10.0341
4.72563;1.44133
6.38476;5.06706
8.31844;1.62659
2.88408;0.192914
6.68389;11.3435
6.94182;-0.847489
4.543;10.6257
8.1662;4.91331
5.5672;1.54103
7.28368;1.21091
2.29674;10.7981
8.43068;0.816338
6.85657;6.66347
1.84694;2.8244
5.17415;9.20358
0.551862;0.399667
8.12887;9.7903
4.80004;10.5847
8.62514;10.9531
8.21418;8.81405
6.61922;8.576
6.40707;2.36346
4.62967;7.66954
5.96363;0.861792
7.20679;5.60694
2.61817;-0.216722
2.83184;2.18709
1.67118;0.0708635
6.97536;4.47263
3.14696;3.89925
1.07756;4.75372
4.0493;-0.67888
1.63544;12.7656
7.65375;0.960909
7.53346;9.68345
7.56961;7.01528
4.02393;6.74151
7.3149;12.4612
1.54996;5.6555
0.850464;12.6216
8.52585;4.39565
0.260292;2.66752
5.51747;2.00452
3.04611;4.4333
5.4496;8.63365
6.64235;9.15336
0.891877;1.63146
6.7336;2.93138
1.54099;7.38031
3.7879;-0.884192
3.25527;2.66725
5.22713;10.3232
7.3342;4.50982
6.9328;12.8198
7.82056;11.1073
8.64092;10.4278
2.25189;12.8463
0.704104;11.0857
1.83269;4.83366
2.2622;10.328
0.94327;12.8515
4.80945;1.85467
1.5962;2.95584
4.36246;3.88008
7.93038;11.6783
3.21164;2.39991
1.50788;12.127
0.464859;12.7544
2.9808;10.5075
8.72625;1.80211
6.18093;12.0156
0.147767;12.1177
8.26838;0.325134
7.20219;0.712772
4.60208;-0.277616
8.38335;7.6261
0.368941;5.52213
7.3805;2.05689
6.73584;3.26683
5.10234;7.81412
1.89333;11.9329
7.85187;4.29077
7.75275;11.9371
3.24329;1.69663
6.71439;3.61929
3.5349;5.05939
2.33671;4.7286
3.32814;1.49681
4.53454;1.38051
2.70616;-0.787476
1.99472;2.25035
5.68197;2.6768
6.28231;5.3194
4.3288;5.25044
6.80543;-0.329334
0.684362;12.5314
8.74512;12.2786
3.09997;10.6634
7.85297;8.8673
0.231421;7.66034
0.312806;4.85872
0.462684;3.12147
7.44899;4.89684
4.25461;3.64105
5.32115;9.82786
3.12016;10.3802
0.050274;12.6922
0.679525;8.85068
3.8646;6.79073
1.35072;1.59783
5.43947;2.16569
1.36879;7.06492
1.57132;5.95141
3.68247;-0.339991
1.81203;5.08827
5.99166;2.30529
7.68021;9.04008
4.77435;8.53432
1.24516;-0.954959
0.112737;9.21426
6.98972;4.02895
4.88218;9.9511
3.03502;7.65154
4.37257;9.73275
1.57003;7.9029
8.56965;9.90367
7.75838;0.459807
3.1941;-0.487133
5.40721;9.69688
0.753992;10.2299
1.79045;9.49323
0.344069;-0.267856
4.19999;6.96198
6.59987;7.47024
5.14737;9.44183
3.01146;3.87992
0.945499;11.279
1.17708;5.19192
4.45535;7.6328
1.88014;8.37281
2.27295;1.25524
4.03488;0.604293
2.38825;10.2451
1.36103;11.1263
5.10554;2.29004
6.01469;9.7271
8.86067;8.89141
7.36666;5.31658
2.47718;6.72571
0.505811;10.8604
2.67913;4.47132
1.76164;4.63831
2.41092;3.57135
7.60515;9.68086
8.48839;-0.2451
3.89165;1.73986
1.93509;11.3302
2.79267;5.72519
6.15551;5.46131
3.11879;2.51719
6.26872;-0.792357
0.157041;8.53461
6.49225;10.7035
1.19005;12.9524
3.49022;1.63801
7.59398;8.59677
5.21314;-0.446814
0.793981;10.8596
3.29435;12.0653
5.49033;3.3287
8.88442;-0.40582
4.54407;1.83036
8.3085;10.4127
6.14285;7.49957
2.49044;-0.592999
7.72506;12.6254
0.395128;11.261
5.88855;9.71369
6.4058;10.0112
6.8568;0.393809
8.77447;7.47899
7.06537;6.7585
5.8064;11.2257
3.61167;-0.843288
7.25849;-0.841343
2.88348;10.1112
0.483967;10.554
8.96242;12.6772
5.76428;8.49709
5.25648;11.8407
6.36692;5.1935
8.01388;9.51874
2.86364;6.62601
4.64942;-0.580881
2.98104;2.89856
1.16545;3.28635
7.957;11.8035
7.74312;6.40972
7.09018;2.66301
4.86414;7.32015
2.45679;11.0518
3.49158;3.5745
6.17516;4.37289
2.73322;3.57246
0.559275;11.4284
2.19416;9.77408
2.97124;0.879181
4.68824;8.07647
6.11048;-0.47475
6.10431;-0.857629
2.84388;10.3085
2.84704;1.80136
6.50059;1.47359
6.56427;6.1412
3.94495;2.77752
0.939437;8.95826
1.17602;5.89269
0.342491;10.4352
7.88501;3.78444
1.29061;12.1356
2.06541;4.42076
6.37048;6.83479
4.69282;2.20246
1.87152;1.80514
2.39638;11.4068
1.89483;7.15152
6.24559;6.37623
7.04114;4.82739
6.33203;6.16397
8.33695;0.986412
7.03382;-0.570064
7.67872;11.7708
4.7074;11.4774
6.561;4.5882
2.09692;11.2136
3.0367;5.47474
2.33639;-0.366605
0.198986;9.93433
2.4659;2.22079
8.83251;6.56356
1.04634;1.68697
1.10255;10.343
6.4692;11.668
2.03812;4.91302
3.7491;1.13899
5.07821;1.77343
1.65145;4.8441
0.992749;8.89155
2.77813;10.7503
0.951268;6.58342
6.40537;5.20351
0.0373892;12.5983
4.39515;-0.632306
6.77097;9.67275
2.30689;9.27209
2.72334;4.21613
8.33082;4.95139
1.64516;8.02226
2.96959;4.72955
0.601253;9.4513
5.05835;7.83471
8.50161;9.43747
0.436383;-0.231
4.06866;4.00036
8.04811;6.80877
8.08957;7.48319
0.00789423;11.6419
5.19524;5.84918
8.36333;3.61411
2.2641;1.59812
0.569696;6.75825
5.02345;12.8453
8.81334;9.37339
5.70055;3.329
1.35189;8.8028
0.501618;8.97148
2.98126;-0.994982
4.12004;4.31633
0.497583;11.738
6.63216;12.2933
4.20862;7.90047
4.99917;5.55902
4.84869;0.85797
8.61956;5.55204
4.16062;1.93014
5.88224;6.35827
6.87111;1.96441
4.63084;9.39803
8.5743;1.07104
0.467376;0.440742
7.63318;0.507324
7.33643;1.51135
0.97222;2.82117
5.03208;1.28636
1.64516;3.14437
1.0155;8.10588
8.38597;8.35615
1.07029;5.58724
7.20908;0.0731017
8.44668;2.68619
2.57351;7.28943
7.10001;-0.308368
7.23461;3.24799
7.12907;9.59164
4.06223;10.8167
7.7351;3.19287
8.56544;8.44461
4.30985;-0.163642
8.528;-0.468105
2.00746;0.82491
3.00617;3.70238
7.02693;2.7211
0.0376221;11.5957
6.62679;10.2726
8.78708;8.44762
0.616393;2.67203
2.40239;11.0033
2.80521;-0.00911038
1.44726;0.453323
7.44591;7.57031
8.53072;8.61492
8.2049;11.594
3.25255;4.46739
8.63382;3.3253
3.85669;1.55311
3.9537;9.67555
4.66424;2.08099
0.254992;6.31401
1.07787;9.705
2.94856;0.345467
3.95525;4.54548
3.22553;8.88966
2.28136;8.38116
6.99464;4.80006
6.96502;7.46308
0.238101;9.1045
2.62157;12.1336
5.59191;8.13752
2.95775;7.12892
8.65467;9.60024
6.86701;4.61303
4.6773;2.9375
5.58902;6.67245
7.23311;9.3707
2.81407;0.838157
7.53182;9.53006
4.74662;1.73367
4.12696;9.93242
7.7881;2.30027
1.75659;7.94931
7.56215;2.10286
3.24887;0.84135
1.4377;12.7523
7.05785;5.83737
5.06652;9.4417
2.20989;3.56327
1.3209;9.71341
5.46478;9.74875
2.81948;4.75228
4.57679;7.7633
4.87957;3.83563
3.40287;-0.0259232
4.86597;10.7131
7.65417;4.68412
0.651435;-0.361028
0.407201;11.7767
2.40546;4.68723
0.397313;4.97825
3.49686;10.5969
8.23861;12.3208
5.16768;1.25323
2.4969;9.09334
8.33569;11.3848
4.39849;2.35249
2.65958;12.9615
7.78872;10.7276
3.0839;2.40915
8.16534;11.3665
0.72143;9.60813
2.60394;1.13557
7.23028;3.684
0.586452;-0.0110642
6.66722;0.530302
4.4789;0.810783
8.43893;4.7828
0.727447;6.16583
5.16602;4.01565
2.09518;6.00266
2.18603;9.10127
6.65688;6.53762
6.46895;7.47093
3.38476;-0.140016
7.6372;2.96683
8.50272;12.0023
0.369618;2.27703
0.731491;10.8221
5.11781;1.05013
8.23564;3.33226
2.30171;4.77819
3.9491;1.70765
7.43206;6.27463
6.34724;4.59701
7.90089;12.1327
8.09978;0.690774
5.9361;7.95481
5.93254;4.29675
2.20226;-0.506421
3.9579;0.305823
2.8674;4.38318
0.198083;4.03537
5.56728;0.446004
1.83692;1.62124
2.24752;0.668438
4.47011;6.07657
4.78711;12.0965
6.28986;4.00761
4.09575;4.65772
6.81725;3.66145
3.07953;8.20428
4.08357;-0.975684
2.6737;0.580619
3.42068;6.58482
1.33341;10.4778
5.71541;5.5346
1.8392;8.19877
7.43784;10.5212
6.84307;-0.572594
0.0915542;-0.859085
1.34733;6.09592
4.63981;8.54247
3.98087;2.00172
0.353618;11.5636
5.56678;10.1547
2.07327;12.4498
4.0879;8.57731
8.66194;9.51804
7.17295;3.79519
2.63756;12.2321
1.46121;11.9935
3.70718;4.13396
5.26647;2.3367
1.70687;3.83706
2.41978;1.79755
3.20013;4.85995
6.36009;11.1955
0.901554;1.08593
0.769614;0.952491
0.417577;8.85661
8.42604;2.87465
5.9827;4.46614
8.64769;7.78056
1.27554;9.60988
8.72727;5.08704
6.32701;0.848735
3.26607;0.60874
4.48887;12.2728
3.17921;8.63783
2.64207;7.70955
7.99418;8.08786
0.366107;7.32886
4.68214;0.971918
6.69522;7.4805
2.52283;10.0644
2.78814;2.03159
0.603643;12.6435
5.46282;-0.609044
5.41549;9.4819
7.07197;6.99984
1.65146;5.84285
6.33123;6.64949
5.43316;1.83127
4.45007;12.397
8.01585;10.0322
5.21137;9.90448
3.93433;7.67608
3.36429;12.4034
6.84514;0.648124
5.06822;-0.427593
8.17231;11.221
2.31685;12.6515
7.6272;11.1017
0.0272783;5.28863
5.51804;10.0433
0.185442;10.1526
2.49822;9.13704
3.08703;11.3377
8.33677;10.7244
7.54376;10.4374
5.62924;4.84132
5.36264;-0.123338
0.332617;12.5752
0.180037;10.1654
0.786432;7.16395
7.54574;12.9358
4.10461;0.341803
8.73469;3.24949
8.64226;12.6297
6.77451;7.02713
6.86121;9.82658
3.3298;-0.440879
4.47661;8.98175
8.29082;4.93193
4.95394;9.63158
2.16599;1.46271
1.58972;10.7112
2.14674;1.99031
7.25556;2.61943
0.100101;11.5098
7.57503;10.8935
8.00073;3.16834
8.50842;11.0329
5.41146;11.6788
7.49738;3.95595
4.31099;7.33559
1.14592;10.8857
5.71803;7.74616
5.05762;6.79154
0.435912;0.57354
2.84344;3.04741
2.59473;5.89603
1.13054;6.37563
6.3555;12.045
7.06825;9.04205
7.42808;7.77844
5.10144;9.00037
8.32293;6.1709
5.16422;6.36462
3.76055;4.69582
7.92037;11.5557
0.0201917;-0.896893
6.71232;7.92612
5.68881;3.30881
1.74707;8.52735
3.78151;6.14079
8.72663;8.9186
0.0236658;0.333376
2.11772;8.92315
0.243264;-0.710718
3.83477;10.9332
5.82925;12.9008
5.10015;7.01451
4.54607;0.966805
0.88658;11.9214
4.92597;12.6997
7.37816;6.69404
8.87323;6.91852
1.68438;7.65207
7.86042;4.33782
2.68677;3.10967
8.02196;2.75418
0.018173;11.5154
3.27057;2.32249
5.42479;4.46597
2.32186;-0.596234
2.18518;11.6795
0.195775;10.3327
4.30329;6.37621
8.54971;7.07313
4.04847;5.96217
4.99682;2.77476
0.42185;6.57563
7.51711;2.27637
1.43209;8.9206
5.53769;5.40711
0.0194629;6.09278
6.53226;-0.941455
3.60527;0.248847
2.17352;-0.953236
4.31667;5.99281
0.289627;9.11398
3.64649;-0.244931
4.78718;11.3663
5.22725;5.74627
4.13965;-0.571099
8.81257;-0.787719
2.70235;-0.635341
5.00651;0.896934
2.34066;9.01561
7.59699;11.2552
1.55746;10.8478
3.43799;11.584
7.65409;9.95619
8.89255;0.287395
7.07333;5.54767
5.32299;10.4535
1.71106;12.9525
7.84835;9.10838
7.91925;5.33983
1.83514;3.75829
4.35133;1.5631
3.19537;9.97239
1.88213;11.7585
8.27313;5.56879
5.64049;9.68686
3.10114;10.1968
5.48657;9.17198
6.28767;5.44103
4.58239;8.61369
4.96827;3.13112
1.38945;1.00863
1.01867;3.82302
1.26074;12.7931
0.598757;-0.720009
3.94263;2.78606
3.2389;11.9017
4.0816;9.00886
6.34763;8.27692
5.63615;7.74341
1.18653;2.54143
3.49089;5.6697
0.474584;12.9649
1.82679;9.51907
4.11812;8.96984
3.94249;-0.865604
0.0649013;7.29412
1.37766;0.685555
8.43244;3.10418
0.950595;-0.951466
2.8184;6.61168
2.46509;8.42245
4.18718;9.18375
3.49156;1.38747
3.51043;-0.801351
7.15557;6.30637
2.40434;1.56116
8.98462;3.47832
1.62392;1.81775
0.64118;7.93207
8.22059;6.13015
5.82844;11.8885
0.915598;10.2095
0.369064;-0.458602
0.844503;1.0528
0.379242;4.69784
6.21288;3.42452
0.72019;1.17787
0.391029;5.55161
2.93486;5.06894
4.33945;0.696227
8.59841;9.49034
2.73689;12.3514
0.622708;5.78348
1.39444;0.966048
1.10285;-0.0432859
5.84755;9.78201
8.90052;9.52046
5.13739;-0.580641
7.11119;8.30517
1.58925;10.6518
0.644797;11.1366
1.33477;1.12331
0.202185;1.68458
5.57673;3.87985
5.62726;0.425175
4.22748;7.12882
7.65997;9.83346
4.8087;11.8842
2.32518;8.64933
0.546567;4.33249
6.81817;8.94641
1.35932;9.45131
4.15727;9.106
6.98828;2.52873
3.47862;12.3428
0.758904;5.4142
7.37966;2.25683
5.4884;10.794
3.81948;2.21243
1.71889;-0.30508
2.98132;8.24991
5.67241;1.55311
3.91074;1.30395
0.923966;8.70031
7.68425;1.2875
0.663942;7.55933
7.86466;2.1473
3.22112;3.70078
8.51998;0.881297
5.2904;3.66448
0.786937;8.41002
7.12201;11.7036
8.14298;4.61619
6.74844;3.60826
5.67554;12.1714
3.40919;12.4662
5.4137;-0.873076
1.29814;-0.495316
1.5627;2.45662
6.56035;-0.615845
3.69264;10.2378
5.74938;2.97802
0.247559;12.9541
5.57923;12.6384
1.17991;1.90831
2.76614;2.05954
7.91893;0.381557
1.13344;9.98519
4.49855;11.2607
1.02436;0.826365
7.34922;5.89662
0.830949;4.85343
4.51514;2.31192
4.08736;8.45442
4.3512;1.5631
6.3248;11.5127
8.87201;3.78206
1.60115;-0.814012
3.04468;10.1695
8.8871;5.57159
0.0500056;3.12726
6.19144;11.3961
3.54138;10.3943
6.03084;11.5066
6.20676;9.97475
0.214026;6.08707
2.48874;0.625517
8.31889;9.89492
3.17407;4.29861
4.08172;10.706
5.05396;1.18792
6.56912;6.66261
4.4807;11.7093
5.04553;10.7062
6.35065;6.67299
2.74998;8.95658
7.58587;12.9089
5.36959;2.30907
7.26629;2.734
1.16719;5.95808
0.455628;1.14856
0.0290261;3.58013
2.42619;11.9857
0.948248;7.71152
2.75417;6.8244
4.12554;11.146
6.43649;1.63614
3.7341;1.9823
0.864934;12.6572
0.442574;10.2242
4.71226;3.96619
4.61625;4.13044
3.13396;0.533525
5.42539;1.17817
3.38627;9.25514
5.8733;4.97628
7.97381;8.1814
6.78627;1.17778
5.25025;11.0315
7.00026;11.4513
3.76448;2.3068
6.81255;0.86818
3.82046;1.4059
3.11816;6.28839
1.32628;4.53892
2.90098;8.39329
6.75329;10.6935
0.336678;0.380165
8.50306;7.96322
2.2875;3.49452
3.35466;11.6946
6.73123;2.62206
5.06313;6.02722
3.72846;1.04303
3.25201;1.68913
0.317797;9.91455
3.85453;10.0917
8.21747;10.9389
8.677;2.6332
3.36038;0.560651
5.89637;8.7399
7.04182;4.67724
4.77859;10.4777
4.5369;5.66035
4.14057;9.61574
7.17098;10.6592
5.98521;6.62567
0.823693;2.1863
0.419711;6.08114
3.36171;4.71157
6.28089;4.72368
1.68822;0.766197
1.80986;0.408841
8.8104;1.31289
3.24131;3.93232
2.49013;-0.785831
0.432142;-0.172521
3.78733;7.10558
7.91045;11.9488
0.492383;3.74602
6.14864;10.9208
1.54624;3.87487
3.56558;2.68657
5.18218;5.19935
6.92209;12.2905
7.65702;5.53797
3.22341;-0.462971
5.33839;6.82953
1.25092;7.00923
6.52012;5.98791
8.31957;-0.984044
4.62991;12.6138
0.542208;12.0935
4.96244;12.1486
7.74148;7.48529
2.50367;6.60685
4.11819;5.29986
8.02396;10.9525
6.41985;5.54289
2.66907;5.75413
3.75004;1.0628
8.54492;9.84759
1.67132;6.59626
3.00671;3.5457
1.0321;-0.180473
7.41447;-0.452953
0.537097;3.73569
0.103387;0.678919
2.46162;6.88018
0.531959;0.871486
1.52066;3.72209
6.09322;7.77155
7.08554;6.96006
4.32263;6.00837
0.323325;9.87598
8.84732;5.33635
8.31779;12.0546
2.04681;0.538609
4.27555;6.86104
3.91134;7.25635
5.58037;2.61792
5.65932;8.51605
5.37018;7.96422
7.19677;11.1828
1.82854;11.0225
0.0348972;4.20987
1.76435;8.53262
8.98805;12.7665
2.24529;5.7055
4.35527;2.99563
2.30238;5.53737
6.64199;1.52026
3.59484;12.5159
2.60927;11.2428
4.74233;9.14317
4.17804;1.05752
8.84642;0.302567
7.44016;7.11471
6.60008;7.76855
4.0484;12.1112
4.36565;5.35179
2.77782;8.53557
1.21141;3.30247
5.9799;4.3771
7.07655;1.07694
6.02532;-0.410552
5.53777;4.70471
1.9991;-0.793722
3.35611;6.16857
8.00299;11.5976
2.12898;3.94827
0.421131;2.07284
4.0184;11.2287
7.192;1.51763
4.49821;2.48506
1.04709;12.7882
6.32369;4.94986
5.99387;10.7213
6.59078;3.62587
1.99181;6.2603
4.30895;11.4711
5.04626;0.317117
2.68444;9.95945
0.979325;8.39642
2.65373;12.9725
5.13899;6.43977
3.16335;7.64908
6.75811;10.1716
4.42141;6.70016
8.80023;12.875
7.1905;0.31805
8.78349;6.02208
4.67223;7.98701
3.0493;2.52024
8.75114;6.84172
6.93034;5.31569
4.05824;3.63028
4.90681;9.48862
1.02197;8.1562
3.78324;4.71775
5.86845;12.879
8.4584;-0.950528
5.48235;8.67013
7.21355;0.405845
2.16661;9.91032
0.823381;-0.444491
7.8611;-0.0559758
4.87131;4.49629
6.38424;11.3209
5.79634;8.54392
3.96171;4.79706
1.19547;11.4755
6.70329;8.49242
5.76263;11.0171
2.9884;-0.150879
2.40095;12.7773
0.468089;1.89234
8.88866;8.25623
8.07587;10.0479
6.85419;0.932746
5.11599;10.9429
1.59959;5.18658
8.28445;9.06584
7.51041;7.81796
5.3915;5.69939
2.80407;-0.450562
8.03343;5.22149
8.37316;7.92379
1.1018;6.989
4.46198;5.36254
5.68165;9.67568
3.94706;8.56626
8.72229;4.96667
3.10017;11.1305
1.93793;0.484572
0.0406415;9.97276
8.63194;1.55147
2.03101;11.3144
8.11113;-0.157791
4.58508;6.0041
4.84817;10.4942
4.85584;5.03805
2.38868;5.57845
0.618329;4.42963
0.364785;6.90271
7.58069;8.40556
2.94325;2.93205
3.19617;3.1464
6.36346;8.79431
1.4637;11.9133
7.25071;1.34009
6.3553;9.70635
3.14458;12.0454
5.79905;2.50889
8.92773;1.15308
6.75835;6.42918
8.77327;3.06652
8.65751;2.36302
6.84319;-0.570922
5.65242;10.2124
5.35615;5.58484
4.25441;11.9102
6.76085;10.5898
1.96494;5.4156
4.74692;4.33344
3.4257;3.66298
4.93299;0.214894
0.880286;11.5651
0.167312;9.39007
1.33328;-0.85216
8.06346;11.587
4.87094;11.1905
1.70581;6.04425
0.998669;12.2985
4.80428;9.34614
6.75698;0.805114
1.8842;2.12882
0.459825;12.4479
0.461964;2.77185
3.76937;7.10271
5.8534;10.1923
8.20652;1.77883
7.97607;-0.864976
0.863954;11.6675
6.76613;2.41791
8.23843;8.06825
1.28885;5.39235
4.66631;3.65837
8.63781;7.81219
2.54367;5.90993
3.31607;-0.532321
5.60253;7.08932
2.31204;8.43033
4.84533;3.31511
8.48712;12.4007
7.98289;7.30747
6.80978;10.1835
7.12691;8.00021
7.2762;11.4302
4.92924;6.84363
1.18809;5.48303
1.87192;2.85303
8.27703;9.17059
5.47161;11.312
3.20322;11.4682
3.35694;9.14112
8.31593;12.937
2.71957;1.5324
6.02182;10.7676
4.40197;7.56946
7.17961;4.26534
1.84946;6.76126
1.57426;12.9632
1.77523;12.7674
7.96722;9.42917
4.8928;-0.758399
1.87213;9.5229
2.63226;0.787577
4.30296;11.606
0.064;10.6763
7.11916;4.32146
5.02547;9.01014
3.38041;11.0478
8.06306;-0.374298
6.30994;4.39005
5.91118;5.98374
6.84989;11.0721
0.478925;12.1042
7.737;2.50646
8.27462;9.42879
8.95862;5.48265
6.85954;1.84783
1.93214;-0.23498
2.97991;8.69904
8.59567;3.73497
4.74128;9.44528
6.46485;0.192712
4.14992;0.314849
8.51178;3.99796
1.2475;8.05601
6.67801;10.1357
1.31126;6.04341
5.91931;1.78474
3.95206;6.24315
4.04434;4.01927
2.36053;5.22683
7.39409;-0.657665
5.83371;-0.492526
0.711871;12.7101
6.56133;-0.521601
2.85753;2.58183
7.02237;-0.498527
3.06935;2.37911
1.16764;3.01509
5.38526;2.75687
8.40285;3.76509
0.573808;0.11084
7.59117;9.10041
2.5043;2.95614
2.14943;9.18678
5.76991;6.01549
1.55161;5.47734
4.73003;10.4883
4.49023;7.46519
7.19894;2.19133
5.74945;0.6434
4.35417;4.86727
1.37885;10.5477
5.9441;2.9612
1.00465;2.62344
4.96162;-0.366107
5.39263;7.61066
1.12161;5.19702
3.02854;4.64031
6.52703;7.05462
1.17456;4.12857
0.687929;3.2407
7.46094;7.42794
1.11149;3.59072
1.85987;11.9273
5.00274;10.8367
0.366902;-0.4448
2.38113;1.71561
7.78044;11.9504
4.29223;12.6657
1.65458;-0.605128
0.192594;9.96233
5.78927;1.04432
2.03101;12.7166
4.94012;12.3125
4.99578;8.51172
2.85498;7.84132
8.84084;1.04698
2.10167;0.481399
4.26709;5.16239
0.262758;-0.580262
2.57085;-0.0205291
0.626745;6.70309
2.37541;12.0778
4.27721;9.37188
8.19227;8.22724
6.92149;12.0431
3.97901;4.77229
0.699075;8.34891
3.52857;7.77208
5.56805;12.2601
2.75387;12.1025
5.20805;3.03622
0.738946;10.3707
3.54704;6.78717
2.27126;4.92636
5.27587;6.53218
4.43946;8.18184
0.7941;9.60091
5.3098;6.88871
4.48251;6.00322
2.00311;2.73954
3.88694;8.30552
6.11475;6.1338
2.99213;0.000710403
1.22521;12.3158
0.167658;5.18968
7.98322;7.36222
6.5738;12.5678
3.68543;0.74353
4.7282;8.26597
4.93064;0.561888
1.79881;-0.424285
6.90668;3.03342
7.18497;4.00341
7.66422;3.14941
7.71855;0.0380757
5.07147;3.05298
6.64945;2.40079
7.1915;-0.001975
2.82953;12.0927
0.201777;3.6623
3.39579;11.7322
8.3729;0.508254
7.90716;3.75741
2.09043;4.65501
0.0150299;9.92167
4.63944;1.82153
7.39118;2.96063
4.40675;7.67401
5.7626;3.77707
8.24363;5.97068
3.73831;5.71238
7.08664;1.15874
6.50132;7.21044
2.02935;-0.485334
4.69485;2.47064
3.32805;11.5854
1.41612;3.20148
0.0602378;-0.497114
5.75929;2.34549
3.95865;7.98227
0.171745;12.3748
7.58816;10.7645
2.14421;3.65875
4.13907;11.2995
6.06588;4.26198
3.38796;0.250962
7.6978;1.29382
2.19195;7.08752
6.75274;5.56647
5.52998;2.80736
6.45242;12.7792
1.53824;11.24
2.55898;1.48651
8.19183;11.9395
3.74914;3.90074
5.09259;5.09916
2.74856;4.7256
2.48381;6.61097
6.67565;9.30226
3.79958;4.82017
1.00558;10.1806
4.54573;12.5386
8.66213;9.48083
4.9025;8.97868
1.95898;1.2283
8.86246;12.0844
1.29051;1.17885
7.27994;4.98809
2.99916;9.0672
3.16776;9.49737
0.622253;11.8494
1.6692;4.24349
2.94109;5.46023
8.26359;-0.0406188
1.77589;3.76492
4.35828;3.32673
1.25069;12.8507
2.48485;0.419945
6.64168;10.4914
7.32769;12.3788
8.81983;10.1847
8.01206;0.727194
8.59083;8.78756
4.95983;3.02889
3.76377;11.6429
0.338305;5.82271
7.38793;2.12278
7.75684;1.06737
6.16051;9.92067
1.94577;11.3455
1.08359;8.8063
1.71786;2.63111
6.20806;5.53755
3.24711;4.98848
2.59006;1.44968
3.45039;2.74872
8.76494;2.83048
3.52023;11.9979
8.75445;12.1912
1.94577;4.47279
7.60765;2.553
7.90425;8.32646
4.29157;4.92097
7.3246;0.29074
4.68153;-0.75967
0.388478;4.12455
6.57442;0.872304
8.0994;2.3622
6.30905;1.08578
7.63221;6.91033
3.9213;0.851207
2.30901;2.27665
4.54506;4.18155
3.04201;2.82178
5.3093;3.43358
7.81773;2.48173
7.27184;4.9751
0.912522;1.27859
4.38308;6.32189
4.0155;-0.942575
8.5075;2.91465
5.82972;4.40615
6.51032;3.38144
0.864394;2.395
7.27563;6.55254
3.71849;0.952822
1.57922;4.35778
5.88316;4.4438
2.85674;6.93348
1.42378;6.2587
4.91294;-0.785324
3.08298;1.83092
6.96349;2.55156
5.7482;1.08584
3.23262;-0.321154
2.41117;1.43566
5.16768;6.32524
8.82204;1.38045
4.17001;-0.389839
6.49738;1.1739
0.183039;0.0807707
4.64256;0.566448
7.24337;0.3562
7.88653;-0.0221305
1.45089;-0.724173
0.266138;4.65674
0.551816;1.97699
0.548611;5.68027
7.34462;4.59717
0.86188;0.401991
7.06051;1.90938
4.31736;1.86951
2.51395;2.67946
5.90619;4.9413
4.82583;2.0254
0.1296;3.45233
4.61944;3.24192
6.77112;1.54471
6.29789;4.02902
3.96291;5.8878
5.96795;2.75915
5.11261;4.79535
7.57816;4.03219
5.03508;4.26469
2.95803;4.24174
7.50002;-0.0946271
0.170012;1.50434
4.24674;1.38574
6.95677;0.0248292
0.367921;1.47342
4.5565;-0.55776
7.79147;-0.843608
5.26968;3.94452
3.03874;1.28229
2.22023;5.22369
1.31635;6.27839
2.2307;4.71463
5.70795;-0.281015
3.09018;0.549359
6.73164;4.37619
7.63999;3.65036
7.06676;5.94222
8.04903;1.05644
1.49396;4.33849
3.46643;0.655003
8.7884;6.13149
2.3594;5.73766
8.19887;5.78141
4.14246;0.988992
1.19666;4.65573
0.239268;1.23379
5.55088;1.19552
8.94197;1.00785
3.27882;1.69525
4.00186;-0.101816
0.0803626;1.34831
6.24211;5.35299
1.45184;3.70323
0.460613;1.61849
2.29694;2.4907
4.80768;0.853642
2.94997;5.37073
0.665219;0.910081
5.79616;3.27349
4.38646;5.21583
2.17037;3.11176
0.505824;5.86333
7.09569;-0.60196
0.980076;0.221788
3.47995;3.42838
2.38497;2.16472
7.62378;6.66851
1.70743;-0.932785
4.91822;0.927147
3.02142;5.41347
6.09508;5.95919
0.300506;-0.959956
5.99617;-0.141578
2.19389;1.48207
5.7734;4.8492
0.785138;6.06113
2.20607;0.147522
6.66502;-0.731765
1.73876;5.79564
1.67628;3.63885
3.62703;2.60999
8.77901;1.00072
3.68832;0.321281
2.32642;6.65026
3.65448;3.75363
6.8217;-0.333724
4.17693;5.33085
0.794611;0.0427528
8.08793;1.65645
3.96542;3.32118
0.568851;3.22272
3.80511;1.4666
6.04152;0.30678
3.07669;5.9158
0.115224;3.22486
3.99898;2.32645
8.81421;2.35822
5.99306;2.11336
5.26444;6.3951
3.10907;6.92793
4.66732;-0.172651
0.668478;6.86156
8.05297;0.300524
1.01735;5.34747
4.45159;3.42913
3.00223;3.46261
0.733331;5.05097
7.79537;5.02209
8.27746;0.664051
5.55513;6.46017
6.62502;-0.507457
3.13494;4.72376
4.33211;-0.88622
0.941765;-0.46974
8.44749;2.60074
0.51546;2.65761
4.9816;0.05239
3.95907;2.58629
2.64703;3.42348
2.17547;5.30988
0.959189;3.6024
3.11906;0.504462
2.98504;0.701713
8.46737;1.01111
3.78648;3.46444
1.65519;0.254673
5.57661;3.25789
7.85074;-0.192251
4.91813;6.81556
1.50526;2.88055
3.84334;0.796197
8.48043;6.84439
3.20466;2.05733
3.85951;4.2015
8.41591;4.36443
3.95031;-0.666577
2.21268;5.28388
2.06762;3.6202
8.98379;0.364437
7.46022;2.35136
6.55749;-0.897417
5.18179;1.78587
4.90553;2.58447
4.04282;-0.267853
3.82503;3.93163
5.18928;5.81633
7.5688;3.15086
7.49331;0.576412
8.10921;1.0914
7.62515;5.689
8.38781;1.2893
7.90022;0.42266
0.644825;-0.139696
6.79821;-0.441227
2.50283;3.67416
4.3989;-0.946376
5.37384;-0.483836
3.19443;0.137221
4.61321;5.43311
2.10304;6.50066
3.78533;5.48207
7.10661;1.09257
2.96204;3.97771
4.1276;0.841106
7.95275;1.44689
0.596364;5.52494
5.32821;6.55252
8.94105;4.30937
0.464427;4.99046
6.60166;1.63757
2.9977;0.778272
3.02759;6.44136
2.58124;4.53068
0.650909;5.39507
4.45927;1.44795
6.63269;6.32854
1.04627;3.21272
1.59874;2.56294
1.33923;4.09008
6.07955;-0.740464
8.4791;4.93415
7.63253;3.27317
6.1725;5.73207
1.78035;4.89949
5.31285;6.45067
0.60419;6.38715
1.38256;2.22825
7.68208;2.52338
0.853796;6.4071
2.15826;3.72273
2.08694;6.81418
4.55767;1.78507
4.53026;4.47237
7.14152;4.21732
2.88276;2.75206
6.16147;1.09943
1.89699;3.26133
7.16917;6.17288
3.36758;6.95513
5.70642;6.71594
8.33153;4.60943
7.99097;-0.365253
0.942386;4.9316
4.6779;0.596606
6.00604;5.07658
7.10925;6.19376
6.62711;1.37059
2.22618;0.917657
8.82333;-0.673155
8.02685;1.40541
4.58877;3.61184
5.06795;4.76512
0.982319;1.87744
5.55524;2.86658
3.18664;1.01037
4.03033;1.23837
8.57227;1.68561
3.23226;-0.54253
0.694362;6.03125
2.31084;4.95591
5.7463;-0.626592
5.79338;1.99859
3.087;6.1285
5.53077;1.58697
8.38726;3.05122
5.61643;2.53425
0.745944;0.497224
1.46179;0.536234
4.9215;5.23736
6.07817;6.20723
0.278692;-0.0146659
1.6263;6.86752
4.12981;3.31872
0.365614;3.28815
3.76871;1.37907
2.52457;-0.542209
3.09653;6.39374
3.88843;4.49648
7.33751;-0.627378
0.0938737;4.97758
4.97683;4.07582
1.70081;4.08691
7.39468;1.81119
7.45103;1.94771
1.17962;3.02595
2.42431;0.296282
5.6377;2.60055
1.30928;-0.317769
8.90917;0.488792
5.59168;2.26923
4.35134;6.21445
4.1929;5.62033
7.43421;6.1834
4.63141;4.13042
8.50052;3.20025
3.4965;2.97987
1.43559;3.61982
1.20012;6.84913
8.3599;6.68991
3.14644;-0.520426
4.18035;3.95178
1.99784;-0.272845
0.621367;1.93966
1.58556;-0.528409
4.98201;5.37977
4.20842;-0.703692
6.2935;6.46784
7.78122;3.20241
7.48264;2.03345
1.49943;5.20726
8.13792;3.44083
2.46051;-0.490216
1.19323;2.25389
0.403774;-0.508331
3.31178;2.15575
1.09265;5.65967
0.120969;1.7471
8.31018;-0.340145
6.3976;-0.203785
1.27288;1.11521
8.07298;3.87226
2.71295;3.77021
4.88262;0.328154
1.09419;1.99134
4.90681;1.30545
1.34842;2.59531
7.58955;2.38572
4.61823;6.80692
7.46957;3.46401
0.335914;0.583421
8.57222;0.269833
0.273481;6.72728
4.51905;6.62992
0.435529;0.703688
0.479405;0.518582
4.29625;6.60212
7.1897;5.23041
4.91887;1.73095
8.50338;4.34495
6.43758;2.92017
8.6067;5.92089
8.45492;5.39667
2.59494;2.62058
6.97904;-0.0537749
0.0951586;5.50218
2.84585;6.70434
8.74351;1.77274
8.36058;2.78894
2.703;6.81876
6.17921;1.8288
1.50451;0.311524
2.73479;6.72819
8.48467;5.80326
2.76653;6.10049
4.66674;-0.818568
3.39824;2.7986
7.99011;1.53614
2.46968;0.408933
6.92631;-0.601141
2.64955;5.2413
7.76367;3.8848
6.68885;5.67305
8.61474;4.37727
2.76974;1.06021
5.84553;6.95462
5.50013;5.53337
1.42442;6.31993
7.04425;-0.191922
6.88859;-0.279303
8.89714;1.2714
1.0149;1.92923
6.82876;-0.995549
6.14854;-0.734723
1.59006;2.62208
0.747154;2.76854
2.09631;6.56517
0.735014;6.80903
7.018;-0.68911
5.83458;-0.299785
2.66748;1.38232
0.736692;6.26011
1.03015;0.920985
7.40254;6.17724
3.0702;3.70323
8.88518;1.63763
7.84646;-0.199931
6.26272;4.04464
0.905086;2.03223
5.97366;1.2179
7.4861;4.97405
6.73475;-0.482303
6.23163;5.63979
0.367567;2.77745
7.81952;4.51302
5.03737;0.321779
8.88226;4.1325
0.65462;-0.188973
7.93517;6.16192
8.9868;0.78255
4.3483;6.88621
4.9727;1.83979
0.772066;0.987042
8.86998;0.490801
5.64668;4.19435
4.17229;2.67358
3.56445;0.695151
4.71519;-0.292374
0.376811;3.518
5.04571;6.28562
2.2849;-0.0372587
0.683328;0.926364
6.85715;0.189287
3.07957;4.14873
0.395113;1.72566
7.79769;3.21637
2.93836;2.35146
7.93818;2.29815
6.00582;5.94059
5.38757;1.35777
4.6518;-0.50234
6.78527;6.30333
2.46691;1.22263
0.0123246;1.52775
7.58321;3.49603
2.04005;-0.228346
6.14112;1.42078
3.03527;2.55402
4.06133;4.43541
0.790592;2.96128
0.181205;6.63403
0.199853;1.77294
3.35868;6.2338
6.82998;-0.676001
6.94619;1.86005
3.01699;1.30932
3.77743;-0.286876
1.81423;4.55052
3.30272;0.623606
0.0880615;0.676383
6.88459;0.891655
2.75404;2.57841
4.85149;4.14606
8.02398;6.9225
2.90415;6.83518
4.36926;1.74254
8.40286;3.06143
6.20492;1.4547
3.70714;2.58658
3.12603;0.469625
7.25246;4.46047
4.25131;0.804343
6.94529;4.3916
8.27422;0.109346
7.8921;6.43314
3.13395;4.13484
1.4904;4.23377
0.802406;4.63723
2.6773;6.84568
6.2547;3.96129
8.64096;0.443519
8.6668;6.15006
6.19307;4.21931
1.80535;-0.199815
0.906623;3.38345
2.55354;6.25252
2.07441;5.04876
1.18897;-0.982483
3.8704;-0.588272
1.26772;1.45556
8.82548;2.91259
8.5392;0.16967
1.28966;-0.696354
7.65777;2.52618
0.167988;3.36664
0.548407;6.83017
6.53643;-0.808701
7.85276;2.31511
6.08693;-0.415013
4.6297;5.21649
5.5895;5.3851
6.15264;5.81236
4.98809;5.52587
7.68361;6.87421
7.8048;6.95674
2.62099;5.78247
4.353;0.920166
8.94616;4.0157
2.50179;5.75905
0.609614;1.37314
3.5164;0.029352
2.47872;-0.0641549
1.37323;0.183542
4.78232;5.63126
1.9896;-0.633753
5.45372;5.73697
7.59527;1.31677
6.243;2.18521
0.947969;3.37921
3.44185;6.78024
4.87795;4.38919
7.38305;-0.794712
8.22303;5.51486
5.87361;0.533172
5.93314;4.76286
4.3946;-0.60041
7.64124;5.10962
1.50236;-0.987134
8.2048;4.58639
7.47464;0.0616888
6.69672;2.49188
8.77349;3.70399
6.53472;4.34799
8.87535;5.65128
1.9431;1.94862
7.23546;5.06315
0.380039;3.99424
7.052;6.64717
3.94773;2.48943
1.32789;-0.216999
1.40882;4.08665
1.33042;-0.955497
3.5958;1.51803
0.0645402;1.48943
0.117468;5.70149
3.99501;5.05705
2.46754;2.34977
3.10617;-0.997986
0.784985;1.65024
7.48496;1.42496
6.29871;4.08482
0.549134;4.93667
2.33894;5.75656
6.28182;4.58815
2.52674;5.76418
7.16755;2.49828
4.33219;6.55375
3.98563;6.0471
2.33074;2.60015
1.7286;1.17619
2.58935;4.08765
0.262396;3.49501
0.492097;1.99428
5.05916;0.135184
6.35008;2.15032
4.00517;2.24337
0.264538;3.04827
1.32754;1.3142
3.15543;5.76388
8.89015;4.05082
6.21907;5.27351
0.617733;0.378895
6.55567;3.09188
0.479246;6.89903
8.65353;0.962525
2.33462;0.99367
7.93144;1.30846
7.29977;6.48759
5.96558;1.98571
0.700622;1.94726
6.90304;3.18292
6.96446;5.37118
0.260091;6.37067
0.771058;2.03602
6.90137;-0.412258
0.0976966;2.66261
7.71891;-0.364062
5.67169;3.68851
5.31879;4.4675
5.16099;3.41984
8.35878;5.66276
7.2152;5.4802
1.09263;3.9022
6.71376;5.27397
8.8739;5.59056
1.37388;5.02395
3.12017;6.41185
4.94452;2.00468
7.63034;4.08051
6.79579;3.91707
6.37679;5.12754
0.652142;3.52951
7.60892;4.62119
1.37028;2.4913
3.47478;4.80557
8.90003;1.51872
5.02687;5.32465
1.12378;4.43956
3.6302;5.96671
4.17772;2.11475
6.25193;3.93475
1.28103;-0.66924
4.88993;4.53383
3.75237;2.12913
2.94113;0.376142
0.0519716;-0.717406
8.44165;-0.374121
5.41362;5.26717
7.02795;5.03013
1.97827;0.335758
4.31516;0.669601
4.33629;-0.695975
8.99353;3.85339
6.46153;2.22109
4.29762;0.457107
7.12782;0.377374
7.19084;6.47454
1.92165;1.73846
5.63441;4.04357
6.60103;6.6227
7.22218;4.91378
8.89346;4.9234
7.35712;3.7174
4.71439;3.78673
3.09097;4.94903
6.8878;5.58322
8.57096;0.976964
7.74815;6.61288
7.68415;3.63083
3.18822;1.65046
6.84893;0.169818
4.53131;3.47979
0.724901;4.73597
8.12054;4.65272
3.12699;4.08584
5.93485;0.199259
3.37457;4.18072
8.01299;0.539283
2.13539;2.31323
7.11676;3.64565
1.42005;3.4485
3.63249;-0.119099
7.22864;1.11612
0.555508;4.25582
7.59033;2.32776
8.89457;3.83489
5.05978;2.93412
1.47903;4.14193
1.87885;-0.467056
3.14399;3.44963
6.32113;-0.929919
6.355;-0.381595
5.90715;3.77155
2.4274;6.14893
0.0953804;-0.516301
4.2689;0.347049
5.54872;6.02346
2.50644;2.35766
1.28203;1.72174
0.690165;6.88654
6.80568;-0.480238
5.31161;1.54707
5.01061;5.03612
8.65013;5.12396
7.3902;1.48366
2.89529;3.18785
2.87296;-0.777517
5.40704;6.80455
5.61829;5.96394
7.82266;4.07882
8.3786;1.74806
7.2291;3.37984
1.99295;-0.346185
8.70468;1.9111
3.79749;-0.649023
3.14734;0.425046
0.979581;6.51907
4.46863;4.32462
6.24959;2.66113
3.87966;3.12425
6.91289;5.02218
0.351116;-0.301463
7.02524;4.11836
0.565972;2.23869
4.59258;6.45656
0.357199;2.52994
2.4802;5.74338
8.8985;2.97614
8.32184;6.64727
7.74814;1.77274
8.99803;0.684869
4.72251;-0.13101
1.35443;-0.830095
6.96781;5.75913
4.30991;0.64219
3.2438;0.975825
8.62241;2.19548
3.00866;4.90903
0.35307;2.17745
1.29119;3.39614
2.96326;0.46523
8.91684;3.83863
0.234682;6.83585
0.916612;6.6058
8.41852;6.702
2.67585;6.48138
1.56023;5.57632
0.394164;1.59081
7.58951;5.54398
1.51867;1.57726
0.209437;3.23331
5.12222;6.85053
8.35739;6.22745
6.4795;6.74263
2.70551;5.90728
4.65612;4.03891
0.419074;3.06485
2.11223;-0.418884
4.38829;1.6923
0.210276;2.38383
2.69359;1.56545
3.22335;2.78117
1.28449;2.21557
7.16848;6.888
1.97949;6.72191
2.77342;0.945714
4.44962;6.01835
2.02078;2.38402
7.02652;6.55581
3.51748;-0.349304
7.27097;6.26542
6.4008;5.8356
3.74655;6.56714
8.3438;6.23097
2.54188;6.60362
2.94164;3.65375
2.44021;4.48
0.489289;2.31085
0.782515;5.8069
3.5987;1.45512
7.34491;4.66411
4.95093;1.48403
5.26777;5.19708
6.60155;1.92826
6.47199;-0.00530519
4.02633;3.21597
0.292631;0.26856
3.43301;2.59039
0.940165;1.46827
3.17402;2.09515
2.33088;4.43615
8.71751;3.24097
3.28066;-0.816178
8.49579;2.61172
7.86456;1.75066
6.82519;4.51953
0.466618;1.46766
0.00400823;4.09723
0.747832;4.87161
0.0286811;5.41762
7.72459;2.60445
2.96279;6.12642
5.48214;4.68515
3.05641;4.70871
0.172602;4.53816
0.904345;1.22532
3.3461;-0.44724
7.27457;4.89045
0.828655;5.0181
1.68994;6.72731
0.864857;6.569
5.90269;0.183533
2.29125;4.2504
7.06586;1.7014
3.51226;5.30626
1.2589;0.988312
2.14955;2.75261
1.25407;5.78372
1.61748;2.83154
5.05399;0.591188
1.54091;4.2963
4.29357;3.344
6.58019;1.2828
2.51376;5.58564
0.338509;2.73662
7.10207;0.0696583
3.71883;2.55979
2.53484;4.34229
0.911459;-0.466043
0.0491496;2.93219
7.69524;0.162712
6.66057;-0.249071
5.52974;6.03524
8.47648;5.35309
3.22512;3.02709
8.93731;3.23647
1.48881;2.76078
0.653025;6.17245
6.79903;1.81492
6.47785;5.34448
7.37049;3.07104
8.3409;0.857165
8.58468;0.667325
8.09938;-0.558989
2.47644;6.24314
4.91986;0.0415
0.456584;1.29371
2.01648;4.32118
1.49507;0.327083
4.13355;3.19572
6.02345;2.61854
0.486211;5.67756
8.30174;0.0126548
6.58127;4.4229
4.30602;2.60811
4.2383;1.37912
8.63904;2.18151
4.76582;6.30997
5.45494;2.43573
8.71986;6.05012
3.01373;3.12419
0.103073;2.08473
7.22014;0.88405
0.456643;6.74685
3.61252;3.08017
4.43539;-0.434694
8.66105;3.37476
8.14823;6.07804
6.06084;4.09288
5.06356;0.214989
0.788616;-0.731681
4.04337;-0.619861
3.88106;6.83039
8.65137;-0.70133
3.67439;6.44109
8.26739;4.945
4.01094;6.44041
1.15844;0.983182
1.49002;0.435631
1.94629;3.53559
6.20528;4.6726
5.73851;4.21451
2.30328;3.34377
4.82912;6.43477
1.61624;-0.206511
0.730983;1.13765
1.19453;3.24387
2.83251;3.51164
4.58354;1.20789
5.4116;6.34038
1.85511;3.1591
5.94606;4.21427
4.04945;5.31511
8.09713;3.92397
8.71958;-0.072517
1.64201;4.26654
7.4251;5.56046
2.79119;-0.352554
3.26726;5.77361
0.092497;3.34088
8.51298;-0.268018
7.28834;-0.371098
5.59783;-0.00368777
5.78311;0.0501102
3.60473;0.950851
0.439305;3.8532
6.87369;4.67588
2.3259;0.709458
4.48986;0.264917
7.46261;2.74173
2.46645;-0.907011
1.1343;-0.207515
7.48513;2.48933
1.61992;0.557678
2.5458;0.52215
6.63588;0.830026
2.5359;3.37709
2.76629;6.22998
6.04508;6.59947
0.315106;-0.422392
1.74411;-0.329412
6.10965;6.66027
7.13977;6.49827
1.54094;1.33745
0.858583;-0.996845
6.83907;1.95559
0.108162;6.08745
4.21658;5.74959
2.89887;4.188
0.345679;3.8397
7.54892;5.20583
7.50345;-0.0357164
2.90578;0.128658
0.218551;6.95632
0.819143;-0.525639
0.600669;1.27845
1.28807;4.96473
2.18106;6.49141
6.14587;2.30844
2.05747;5.22618
3.72555;6.90804
1.32949;2.40774
7.86992;3.92984
2.427;0.572261
2.38257;1.46461
7.21346;-0.172007
0.754241;4.0817
2.01631;2.25336
6.98665;0.986543
3.61089;5.93848
2.76852;2.7436
1.36904;2.60585
1.92188;2.15564
3.48442;6.17133
7.2721;3.92613
6.07221;0.775688
5.43844;5.57929
5.83136;2.82966
3.94777;6.34077
6.07716;4.62697
2.03104;2.81388
7.26183;1.47581
1.00753;-0.752761
6.44531;6.10593
2.51301;-0.06116
6.79997;3.69469
5.26775;6.26134
0.338108;5.39078
2.71911;2.39781
6.25738;-0.118923
0.364427;1.95963
2.98886;4.1581
1.73128;6.8402
1.11123;4.04805
8.07858;5.38968
3.0094;-0.0136648
2.47901;0.129982
3.89491;2.09914
1.54937;0.191308
2.48071;2.611
2.39642;-0.750506
0.343902;5.81259
8.44969;-0.393769
5.85379;0.927825
4.50454;1.76548
3.16001;3.32797
6.44075;4.46567
1.67184;6.26403
5.9691;1.47384
4.85109;3.48683
0.971458;5.9871
6.15731;2.06708
0.131717;-0.0646944
6.93701;0.494302
2.39244;-0.628693
5.74347;3.25676
0.698401;4.411
3.45302;-0.868362
6.76938;-0.727277
2.3169;1.02127
3.41798;3.86836
7.14289;-0.23668
2.62579;6.83531
0.0307721;6.6399
2.5978;3.33943
4.64256;2.17267
3.74235;0.599884
7.01972;2.44362
2.85209;3.40598
5.55516;3.6618
5.37445;1.04322
1.03338;4.39809
8.386;2.98792
6.22094;4.47145
4.79322;6.58919
8.4293;6.29885
5.01475;4.84195
0.0699369;5.79159
6.38693;-0.910481
7.23542;6.98642
4.98257;1.5582
3.55398;6.75549
4.67785;0.398847
3.59899;5.69328
6.53043;-0.862978
3.77446;1.58212
2.45278;3.27364
8.97773;0.634467
0.294255;4.50993
7.99416;3.5222
5.73651;5.59863
4.29868;0.556677
4.99566;2.88321
0.391795;1.11785
4.46932;5.77974
2.36731;-0.598315
1.50519;4.26337
0.17682;4.49603
7.49499;2.35628
4.71297;3.46704
3.92996;6.54439
7.9303;4.67354
4.29528;6.02937
8.22151;3.07959
5.10671;5.41393
0.677013;0.638422
5.63913;3.42284
3.59449;0.453146
0.344305;2.54336
4.01737;3.27878
2.61349;4.67528
5.26552;2.66105
3.30597;3.83764
1.30172;0.600858
0.218156;4.34639
6.82639;2.68722
5.50212;4.11706
1.53085;-0.291194
4.66473;-0.331228
5.38695;-0.314273
7.96804;4.39019
2.61467;3.09526
2.03965;4.51925
6.24196;1.11907
1.19544;0.119406
7.19758;2.38571
7.64402;2.07832
7.92761;0.733325
8.90545;-0.796152
3.75096;-0.890126
6.24402;0.402084
4.27172;1.44102
7.33404;4.15785
3.54355;1.66557
6.55495;6.93822
3.77021;3.90932
5.99445;4.67545
1.13015;6.14142
3.59403;5.55299
1.41806;3.25731
8.63144;6.65835
8.5984;5.46708
3.07875;5.68979
0.22545;1.65262
7.75534;2.53458
3.10781;3.44387
5.55375;5.55958
7.7455;2.45581
4.18211;1.03471
6.88656;0.544053
2.21954;0.472684
7.26005;6.30133
8.04165;6.45796
7.2481;1.34283
6.76231;6.70325
7.42515;4.68334
8.28179;5.24316
4.66921;1.09826
5.54956;3.35081
5.34474;2.82658
8.87107;6.51337
0.304258;3.82206
6.83207;6.15534
0.312607;0.790387
1.33881;5.39926
3.75124;2.16298
8.85593;0.787813
2.77234;6.02008
1.40149;-0.0929424
1.53327;6.25671
0.686593;6.96304
5.55755;6.9719
6.98198;0.0904588
2.32892;2.13915
6.12143;5.82103
7.83644;4.32666
7.1262;6.23618
2.41732;3.40736
7.19046;1.4266
6.97246;6.58157
0.929087;0.532183
3.08761;-0.302203
3.735;4.20885
8.68261;3.56576
6.88039;0.080778
4.30028;5.72621
1.1743;-0.237477
7.53537;6.25002
2.0846;-0.23174
2.68781;6.29425
8.53795;0.354892
5.19853;4.92369
0.664953;5.76964
2.62243;5.98259
1.34577;-0.471208
7.38467;1.02209
2.3186;0.308695
3.05988;4.38097
7.33224;1.43776
2.19008;3.63345
3.95836;4.76921
3.77961;3.56236
7.3482;1.05776
4.28893;-0.615285
3.17928;5.20155
8.63884;1.41531
8.501;3.29988
0.381381;-0.852489
3.45321;1.67005
8.02136;3.26576
3.5987;4.69425
7.07383;4.25982
7.87831;0.0077423
2.97089;4.52049
3.87619;3.58753
2.42318;5.96405
2.65133;4.51359
3.96721;-0.111529
8.51777;6.33879
1.43233;1.39738
6.23288;-0.0478473
5.41428;4.09678
5.90854;4.15169
5.89983;-0.678444
8.79947;3.37439
5.16073;2.02059
2.32722;1.87517
0.315467;0.0715858
4.36827;1.92121
7.41608;6.32842
8.44733;-0.25399
7.07902;0.865472
7.04205;0.818869
3.09819;4.83096
1.30237;3.02713
0.256874;5.698
5.60169;4.04102
4.26912;1.23132
2.46681;0.0390686
2.87198;1.01447
6.09014;6.14019
5.66444;6.4821
2.26728;4.31548
0.622894;4.89827
0.266268;6.14576
5.88002;6.74542
8.87824;2.51914
1.81225;5.15137
6.00526;3.36483
4.48011;5.49567
0.440959;3.21066
5.84288;4.37125
1.40814;-0.0115559
8.55288;2.4444
2.28095;1.15544
6.14122;6.44097
1.45758;1.49392
7.78845;2.31098
8.78557;6.47675
1.36041;-0.95392
7.45032;5.43593
8.76543;5.51428
2.19946;0.402386
5.24885;6.29309
6.48812;-0.352032
6.51235;5.15918
5.46595;1.98242
3.97173;5.1103
4.46722;2.13299
1.74904;4.99838
5.94948;6.01356
6.11927;5.58406
1.69592;3.36242
2.13192;0.316878
4.31906;2.10429
1.53333;1.46168
1.73275;0.154454
1.09795;2.49529
2.87644;4.6416
3.13693;-0.675941
7.07576;-0.422867
7.29365;2.14819
4.0045;1.01367
1.4158;6.53042
5.78999;1.81319
6.2199;1.43509
2.05509;1.96815
1.14654;2.33423
8.24689;1.91418
5.2325;2.16974
6.77078;5.01407
6.33534;6.55869
8.06458;5.60737
3.43573;0.72536
4.78008;4.84236
2.3056;1.53853
7.22193;-0.46734
6.39756;0.979051
2.86462;5.94521
1.69816;6.69299
1.9782;6.03827
2.39409;2.58515
2.25723;2.14723
7.7843;0.33699
6.81909;2.57049
5.07007;3.07989
1.78262;1.13814
4.0934;-0.246928
0.838693;5.69256
2.78824;3.99447
5.10179;3.52785
8.47462;1.95442
5.69307;4.21971
5.55015;6.60684
4.68554;5.44294
8.21231;4.92332
6.16637;0.427914
1.69703;6.48764
5.14704;-0.57215
0.927709;1.63656
4.49813;4.33136
7.556;4.58289
8.40318;1.35502
7.12796;-0.785001
1.17853;-0.185607
5.86065;4.5825
6.01002;3.74246
0.604039;1.40275
2.20745;4.47039
2.26079;5.1271
4.40251;0.309425
4.55673;0.394555
3.07951;4.5589
0.992469;6.31248
6.73509;0.706825
2.19267;0.985086
7.91795;-0.33452
8.51397;5.50767
3.39806;4.90394
7.56301;3.06808
7.55812;2.93214
1.85691;3.06057
0.758932;1.18751
7.27124;1.63679
8.61514;-0.52708
0.859376;2.57124
2.00514;3.81432
5.58652;3.51968
2.66987;4.84799
4.31119;-0.640034
8.49917;4.78121
2.63818;5.593
7.25252;0.913027
5.73826;0.467185
8.79408;2.82335
6.22717;5.53529
8.72492;6.18585
2.92035;-0.569907
1.54503;0.059191
3.45024;0.0312634
1.72363;2.83077
5.17782;2.31446
0.725723;0.568302
8.81341;2.0183
8.34333;2.66631
3.80055;5.97111
1.62845;4.72332
6.25962;6.8942
8.59089;1.66478
1.53156;6.45331
7.29914;5.89665
6.73718;5.24361
6.84281;-0.415529
7.50791;6.45586
1.84912;0.740581
0.548016;2.17577
6.26777;4.08963
7.30151;5.21644
7.49017;5.32437
1.38908;5.07423
2.23952;3.61301
5.676;2.43819
2.62838;1.60944
3.74894;0.972684
5.9335;3.69378
1.60425;2.76234
4.03923;6.4146
2.25669;0.672931
8.99896;-0.320348
1.26989;0.642736
2.72276;0.615917
5.42082;6.99158
7.54374;2.30874
6.98402;4.36348
1.83725;6.44276
3.86742;2.62379
4.56275;-0.516961
7.94473;5.39211
3.47904;1.39438
0.410392;-0.633302
7.97418;0.790791
4.64517;1.67859
1.35607;5.13499
4.89546;0.204469
7.66647;4.48031
3.20311;0.234873
7.98325;6.66572
1.37976;4.80177
3.34626;6.43448
3.56091;3.60756
7.73689;5.60296
0.260274;1.93301
7.97174;6.29334
1.49076;1.17848
1.89868;0.689914
2.86332;-0.224126
3.91579;5.67421
3.88627;3.6861
5.41035;6.80597
6.62689;2.62384
5.94707;-0.262225
5.46605;3.38251
0.453926;5.08517
2.45732;2.37794
6.2096;4.34953
8.9837;3.39688
4.44655;-0.783138
8.24614;2.03848
8.44898;-0.344981
5.86908;0.197919
2.63805;6.76213
2.22052;4.82564
7.24089;4.42825
2.82571;2.24555
5.8885;-0.597693
7.72806;1.52051
1.28259;2.7281
7.76589;0.543572
2.03992;0.0872982
5.53671;6.33291
7.24143;3.90702
4.19602;1.38932
5.76437;2.05969
6.10628;3.63409
4.17905;1.64476
6.56101;5.05965
2.70776;6.8058
4.37095;-0.156757
5.88831;5.39702
4.59989;1.46828
7.64925;1.95818
5.61238;6.93941
7.52206;2.8918
1.66836;-0.50046
5.60149;5.4045
8.81151;2.41593
3.72547;2.56225
6.53091;-0.564589
7.44969;2.23306
5.70319;1.33666
6.61255;1.9015
0.445844;-0.715283
3.04572;3.28159
1.26896;6.94135
3.01344;4.21675
2.71083;0.477947
0.196791;6.39841
1.59453;5.8612
3.70149;1.90035
8.28083;-0.730684
1.46795;6.19319
4.1459;3.61637
3.09987;0.490498
5.68326;0.377381
5.314;1.12128
4.17829;1.60137
5.65063;3.11034
3.24685;6.73009
0.440928;3.01405
8.63037;2.07055
1.38465;1.08107
5.11706;0.405726
1.66442;4.96586
0.300289;3.7697
0.974482;6.62766
5.66889;1.17105
7.67346;-0.275738
7.63585;0.576289
2.4916;2.83921
3.32288;5.93831
6.70555;5.66771
1.73215;1.98327
3.12531;3.42578
3.05253;2.16999
0.494804;1.3848
7.02061;0.670626
5.02411;1.78904
3.4609;4.94536
0.849261;2.34328
3.05444;0.621105
3.3423;6.75407
4.26618;0.791788
0.538122;1.57958
3.78909;1.69309
7.22114;5.32175
1.83533;3.37928
5.61314;2.17109
8.28287;6.76751
8.54647;1.07591
3.30468;-0.963311
5.0183;0.178036
1.92073;-0.0734141
4.46296;3.78367
7.73093;3.72197
0.142812;0.586996
7.13596;2.09788
1.5087;1.13524
5.50088;0.819395
5.30417;-0.742254
5.07655;2.13361
7.40193;5.14389
8.452;2.56895
1.47935;5.87544
3.75351;-0.0881597
1.07027;5.27395
1.0671;4.41206
8.38349;1.65585
7.13098;2.41906
8.36945;4.21059
0.158668;6.56646
7.64728;5.48412
2.99738;-0.86135
0.696772;6.55401
2.2028;4.33417
8.78822;5.47053
0.526253;5.39125
5.19122;6.98067
2.20522;4.92939
7.71312;4.29665
7.69639;6.80745
4.01693;6.78976
5.87195;2.0226
2.75131;2.55816
7.24687;0.885124
0.864846;5.5827
1.63303;6.56634
5.70017;3.11592
8.66811;4.68617
4.12867;0.663031
3.39788;2.48168
0.150257;2.48812
2.10704;3.74798
3.90239;2.83312
3.01205;1.32489
1.271;0.51861
2.39889;3.70038
1.47192;6.35186
8.68835;2.75399
3.27377;5.16464
6.344;2.67877
5.34076;6.09069
3.65075;0.814154
3.60744;1.95009
8.43786;5.87654
5.18977;1.52066
2.65299;3.74669
6.75988;3.23114
1.6815;0.477572
0.0723;3.17204
4.27777;0.194042
6.40198;4.93481
6.63123;5.99903
5.9475;4.6174
3.09714;-0.803318
4.2548;-0.60788
4.35988;-0.470621
8.41816;6.12056
2.63647;1.68942
2.32949;0.843856
1.7617;5.68378
4.91008;2.92417
3.85928;1.3733
0.174733;3.92513
4.33223;-0.780415
1.23432;6.65334
1.59033;5.78782
6.28666;6.30805
6.51021;1.87481
5.54113;-0.460139
3.45542;-0.292507
1.04848;5.94694
1.39148;-0.585209
6.82594;2.58041
3.49224;-0.861844
6.10229;3.67017
7.67468;0.788781
0.668637;1.2524
4.68235;-0.250338
8.07473;-0.98704
1.0904;-0.72529
8.62458;1.38287
7.94535;4.25444
1.90229;3.84939
0.145403;5.61638
6.0629;2.20074
8.23936;5.32123
2.41614;-0.439256
7.57802;-0.784823
