6.03977;-6.01914
9.12256;-5.23066
3.58737;-1.98746
3.9986;4.40841
0.908156;2.20527
0.996616;3.9188
13.5473;3.81355
1.72299;0.363372
5.67827;-4.15452
3.78304;-1.79944
10.9651;-1.47547
-2.2706;-2.84001
3.05507;-3.93897
7.07454;2.49693
-0.0476845;1.51031
10.6896;1.16161
10.2905;-1.50892
10.9789;-5.30023
11.8752;-4.59772
-2.04806;-5.9995
13.6031;-3.33842
14.0911;3.17942
0.0914981;-4.06323
4.89306;1.01957
4.48526;2.8764
-1.87283;-4.29562
1.54059;-5.31386
6.17901;0.269446
2.86515;-5.69912
3.6778;-0.866622
10.7914;-4.98751
-0.190458;-0.69764
7.1795;4.22593
7.95986;-1.99281
-1.23411;1.11031
4.83812;-6.26424
13.8603;-2.07301
12.5194;-5.25299
7.74328;-3.04204
10.7216;-6.35399
-0.911434;2.98672
0.678873;-2.26471
13.7054;1.71476
14.2248;-3.57996
11.1114;-2.72889
10.388;-0.173174
5.26998;3.84841
-2.01519;-6.21284
11.9859;1.13132
4.5042;4.20255
2.85646;3.30204
14.1208;-3.48648
1.27153;2.85348
3.66865;3.09279
-0.9473;-4.97289
12.2433;-3.85419
14.239;-5.91081
7.77042;3.6867
10.7801;-0.11416
-0.485094;-0.180409
12.8978;3.66017
-1.20561;-2.55945
11.1004;-4.7244
3.61728;0.582912
11.7239;2.52206
6.83812;-4.85145
8.46381;-0.776229
4.29715;3.55313
2.59918;2.4226
9.75014;-1.6113
13.3561;-0.115276
8.79315;3.46355
7.91569;-3.58439
10.5395;-2.22213
11.5588;3.757
13.5873;1.4584
10.9573;-6.25612
-2.37556;-0.0742639
0.160924;-1.87334
0.143971;4.9264
0.363212;1.79411
-0.534859;2.97282
0.941032;-0.26298
9.56235;-0.404864
2.7281;-1.82813
14.1921;-3.89067
14.306;0.518348
-1.32071;0.0305104
12.5488;3.22313
13.9175;1.23541
10.2732;3.40584
3.56423;-0.602708
12.8865;-1.90724
-1.71178;-5.83081
11.4304;-3.66832
-2.06777;4.86814
14.4143;-4.32946
11.6206;-4.35633
10.1597;-0.633094
9.89552;-5.93282
13.4955;1.22264
1.97193;3.59537
2.07285;-2.25061
5.02312;-4.82505
0.870026;-2.06574
11.7293;4.45264
1.44537;-4.39583
5.37381;-5.01019
7.48216;-0.327036
0.379304;-2.08364
11.0942;-3.74541
3.70617;2.13043
4.7089;-4.37455
13.8638;-4.6673
9.50978;1.0129
0.756327;0.531135
2.84694;-0.923616
5.80671;0.476532
12.3795;4.25239
10.5414;-5.70171
2.77041;0.0618424
-2.60724;0.0267486
10.5642;-0.899133
9.54766;-2.63705
-2.57139;3.67556
9.95892;2.77847
-0.761508;-5.4362
7.03132;-0.144719
1.99188;-0.817004
9.81596;4.68161
-0.345553;4.08785
7.50691;-1.06856
4.30054;-5.66074
-1.57883;-3.50999
-2.85655;3.05945
2.9295;-2.7217
4.23333;-2.46077
13.1296;-4.71269
12.0888;0.321604
5.84389;3.41392
5.60425;-4.07043
9.04027;0.427309
2.4679;-3.8987
-0.209859;0.182635
9.96672;3.47057
6.96143;3.48019
11.1784;-4.923
3.12255;-4.27734
0.781961;-1.6804
5.15895;-3.9921
1.50634;2.50096
6.83927;1.00034
-0.589281;-1.40876
11.5372;4.68027
-2.3538;-3.06208
12.017;-0.58999
6.1839;-0.713405
-0.906805;2.86087
10.1289;-3.38009
4.11158;-1.32782
-0.510559;4.40775
2.71675;4.14889
-1.45865;1.064
-0.853226;-3.099
-1.61699;0.0842125
6.24872;-2.73736
3.39418;-5.8049
14.629;-0.874649
6.05689;2.55064
5.30446;-0.300806
-1.45269;-3.10018
-2.04646;0.35605
11.3787;-4.55348
4.38301;-0.425691
4.93007;2.76043
14.6032;0.156908
10.5676;-3.10114
6.08734;3.15293
14.1593;0.677353
-0.567748;-6.15355
0.539842;0.962843
3.43162;-0.153265
9.76896;-2.62793
-2.26108;-4.05571
-0.77315;-0.722289
10.5289;-4.08873
11.3648;2.75269
11.5054;0.363955
14.5292;-4.01576
-0.748804;-1.73436
-2.61704;-5.31524
14.8788;2.41285
4.17435;-0.771644
8.05949;-2.45353
-0.799759;2.11973
3.87587;-2.83272
4.17272;2.002
12.6741;-5.25949
-1.63188;3.9861
2.76752;-4.20322
4.45639;-5.67171
4.36912;-4.05866
12.7789;-4.02463
11.5648;3.28019
4.76286;4.24356
1.76739;-1.29572
-2.32959;-3.53161
1.09637;-1.48807
10.6123;3.18291
11.1784;3.60245
7.64761;-4.54868
0.552618;4.88521
13.3617;-5.71626
-1.238;4.8274
14.6397;-1.68948
0.324805;-1.96636
5.82597;0.332232
7.91736;-2.28021
11.5684;-1.71972
0.913014;-3.73279
3.29819;-0.954184
9.47711;-2.04784
10.3266;4.08861
11.8134;-0.789051
10.7293;0.522491
3.75141;-2.42584
11.046;0.0831304
3.19728;1.42713
8.53075;-1.41491
9.13752;0.636703
12.4888;3.37871
-2.73338;-2.46557
5.15625;0.645327
9.91965;-3.48146
-2.33383;4.2542
6.05595;-2.05055
4.51307;-4.24277
10.933;-4.68578
-0.89346;0.365698
8.77853;3.61737
0.738036;-6.16143
1.21284;4.862
7.83397;0.150908
9.19168;-3.71143
-2.63061;-2.45635
12.5352;3.63162
0.791518;3.59562
1.17294;1.1333
5.98582;4.42026
13.6724;-0.333449
12.9252;-1.56242
13.6163;-3.02552
8.26145;1.51761
5.27796;2.04066
2.29561;-5.18613
8.20388;-0.728504
-0.413573;3.34957
5.81764;2.07414
4.82683;-4.57738
14.7851;-1.26352
6.33851;3.28798
3.0544;1.88863
10.1222;0.0341338
4.0778;-3.87545
6.31992;-2.82624
10.76;-1.87114
10.4786;1.4071
9.68348;-2.19383
3.92562;-4.60797
-0.891924;1.30801
2.01793;2.00486
0.254879;-1.64166
7.72867;1.213
0.0247531;-6.1451
12.0818;-4.70481
5.75172;-2.39811
-2.86981;2.95947
-1.44961;1.96678
4.03347;-0.987548
14.3603;3.948
11.3784;1.88242
2.59856;-0.202435
4.49663;-6.31981
13.5971;2.71422
0.24348;-6.04944
5.64349;-1.22188
11.0172;1.10174
12.8658;-2.19016
2.97089;-5.93105
4.30134;-4.54964
0.70039;3.75612
6.47308;-4.05268
9.85919;0.542771
14.0829;-5.2908
-1.34835;4.00542
-2.75396;3.74144
8.56357;-2.76595
4.88714;-5.82264
3.12664;-2.35726
12.4825;-0.513537
4.1895;-2.58619
14.6315;-4.45129
-2.97567;3.40105
6.95252;-2.66972
13.3878;4.5233
6.04795;-5.16586
12.3069;-6.16712
2.9188;-0.00498469
8.5445;-3.30445
9.05877;1.93088
0.444989;1.36141
8.22624;3.0888
-2.85059;-5.78868
13.0688;-2.4903
4.59766;2.15774
12.6462;2.94735
-1.3228;3.26075
14.9938;-5.41291
9.77499;-0.145389
4.69675;0.631798
6.2002;4.198
10.251;-2.34267
14.2657;-5.75261
13.6732;0.406535
3.17155;0.356557
3.00638;-0.356101
2.03681;4.50973
3.6251;-3.18658
-2.65401;-3.50114
8.46227;-1.42489
-2.75489;-0.680726
1.73081;-5.27186
3.38612;-3.48148
0.623836;-5.75818
11.671;0.732594
9.32392;-2.74896
7.06528;-1.66045
9.37831;-0.538524
5.74478;0.560713
-0.858767;3.02987
0.783553;-1.29458
3.53286;-0.864767
4.38023;1.90648
11.0066;-1.5638
14.8518;-1.72823
12.6699;-6.43806
13.5773;-4.96623
-0.98074;-3.32894
4.12532;-2.89469
3.12451;-4.07458
13.9637;-6.2135
6.66749;-0.7315
5.02339;-3.91518
-2.64004;4.213
12.0974;-4.90201
10.6845;-5.9372
7.64881;-5.08336
6.70128;-6.48144
12.3753;-2.85331
4.75527;3.22846
10.1767;-3.03394
12.3241;1.0095
4.82582;4.58049
13.7174;3.05212
1.98647;-3.40656
-2.25256;-3.9763
2.29034;0.153985
9.9791;2.006
11.4607;2.02218
9.0819;0.88434
12.8403;-1.53814
9.43901;-1.07643
6.98375;-3.85482
5.51811;-1.79837
6.84815;3.89688
1.58623;-3.28967
0.698522;-5.2795
13.7789;0.862776
-1.74629;3.40038
5.47548;-2.51322
-0.661846;-0.607575
7.19033;-1.62624
-1.36214;-3.19731
-0.0577726;3.78522
-2.49151;3.09875
6.6567;3.94504
1.79052;-3.8833
3.83782;2.93911
5.23599;3.31073
1.13333;-6.44625
10.6293;-0.929167
2.10899;4.57056
7.62991;-4.0161
7.85218;1.09231
-1.61591;-5.65177
-2.8762;-4.1219
7.55059;0.0895849
8.35074;1.28706
12.4836;2.63162
7.28704;3.71715
8.3171;-5.25816
11.3408;3.79097
3.03945;-4.46921
9.88187;2.62042
-2.46544;4.37083
11.3596;2.54914
4.73477;-5.56175
10.4917;-6.26701
2.35641;-2.44697
9.2483;-2.19357
4.67153;1.4044
7.46275;-6.35809
1.68624;-4.0636
9.41056;-5.11374
-2.89354;-3.49875
-2.83814;0.798382
3.64135;2.76559
6.53117;1.60162
14.6813;-3.68056
5.95624;-6.36209
0.428249;-3.10379
11.3797;0.63193
3.78437;-0.19326
8.5277;1.25661
13.2153;-2.80978
-2.11872;-2.73897
-2.85189;0.747573
3.10895;-3.41139
12.1575;-6.16809
4.00415;3.25198
2.21712;-1.92172
5.68753;1.07625
0.668676;-6.36028
3.53927;-4.35974
1.63174;3.39991
0.565828;-1.35056
-0.18869;4.96521
-1.77699;-0.369427
6.81697;1.64629
0.736458;-1.36828
-2.47329;-3.54978
10.9191;-6.06887
12.9618;-5.20431
2.50916;1.88176
-0.452457;1.49461
7.38326;-1.53924
-1.32068;-5.81588
-1.37687;-3.08323
-1.71051;-1.28513
5.69797;-2.717
2.65791;1.3352
10.9812;-1.08911
9.20934;3.21381
-2.9351;-3.92763
6.95493;-4.07136
9.05857;0.196601
5.41909;-1.40316
8.15645;-2.42334
7.00569;4.14748
-1.49986;1.52012
8.17893;1.09217
-0.682104;1.71499
9.95418;-3.98212
-2.79376;2.60012
9.10343;-0.811203
-0.835107;4.84752
0.167999;3.81556
5.23056;3.32441
10.3503;-1.20013
-1.59635;-3.11054
9.09681;2.10087
12.7869;-4.89262
0.439884;-0.786203
5.89676;2.09023
4.60895;0.14246
4.99881;-5.99663
1.28029;0.0912284
10.6461;4.51091
11.2577;2.35012
10.4781;-1.15814
1.75657;3.49416
5.1225;-1.43708
10.7891;3.94779
2.30191;-0.660902
3.64851;-2.21589
11.4447;-6.02382
-0.832211;1.31462
0.261219;-2.91732
0.174916;1.26759
-1.94675;0.389694
1.55487;-0.716741
8.57175;-0.855316
-1.63124;-1.88858
5.06963;3.4836
0.0702364;-4.23336
2.98766;-1.49954
-1.80918;2.51483
12.7514;3.07053
9.46323;-4.54929
3.11941;-5.78972
6.75884;-4.86182
-1.14294;1.11979
11.7957;-3.22999
14.5343;4.98122
14.2762;-6.12462
7.75448;-4.05234
6.63961;-3.73602
9.66628;0.533129
8.5441;-4.75206
5.63487;2.83694
3.28369;2.84218
1.44114;-1.72462
7.7327;-5.09923
1.45446;-3.18038
2.24579;0.255527
3.30767;3.0863
10.138;-1.28365
5.93127;-0.153485
10.283;-1.09144
6.90429;1.52396
6.05313;-4.80134
13.3904;-6.05741
3.98499;0.563965
8.70112;-6.16197
10.7926;-5.00756
12.1434;-5.17351
13.9585;-5.48764
6.55074;-0.308381
0.777081;2.44776
11.8872;-0.735387
3.57906;-4.45886
3.02751;-5.403
8.35955;3.057
8.65072;-2.25615
2.42435;-4.22875
-1.79821;2.7495
3.21377;4.73943
12.1702;1.93254
7.6488;-0.832195
10.7279;-2.38469
8.20734;0.445542
5.51759;-0.00514183
9.45585;-6.45635
-1.14291;3.87104
11.0735;4.19772
4.2558;-4.80529
-1.06092;1.98656
1.36963;1.99634
7.24209;3.73523
-1.05883;3.50912
-1.42464;-4.492
9.14393;-1.52361
-0.264883;-0.549286
-0.0121021;2.05083
-2.81449;4.17951
-1.17474;0.778762
6.58704;0.107933
0.55871;-3.91704
7.41118;-3.0399
-0.724182;-2.357
1.16006;-0.410352
6.13729;-2.60333
1.81494;2.12942
-1.60224;3.11977
8.52727;-4.36679
9.72348;1.87113
3.48189;-2.11249
-0.10823;-0.611356
13.1816;-2.74355
1.60092;3.95675
1.59542;-2.39438
6.75993;2.56101
13.769;2.00913
-2.77466;-0.634863
-2.26556;-4.90204
12.6649;-3.37296
9.03278;-2.15415
7.99364;4.26382
-0.69088;1.41673
10.9048;2.33992
12.7303;-0.987519
5.93903;-3.80886
12.4956;1.05857
10.4292;2.23822
14.7105;-6.48074
9.0443;-3.74902
3.45633;-4.06952
-2.51166;-3.16157
14.1229;-6.04403
11.4056;4.90883
0.214847;1.21171
1.7518;3.24154
-2.1273;3.55958
11.0954;-4.46717
7.13683;-0.111045
14.0182;-1.47376
-2.37167;-1.41621
9.07938;3.80143
-1.21196;-1.70284
8.80119;-5.54262
4.53875;-2.76538
2.8044;2.4413
6.64971;-2.47964
-1.77955;-0.8953
4.00643;3.4833
5.62987;0.0302604
6.69654;2.0494
4.46891;0.252573
8.12711;-4.22283
10.7511;-4.4147
10.5644;1.65815
8.13111;2.56756
-0.273476;-3.17108
9.31668;-3.61569
9.71909;-2.59136
3.01308;-5.05749
8.96336;1.05005
13.2529;-4.19165
-2.88978;4.66354
9.38565;-1.95325
12.0994;-4.57341
14.3379;-2.15814
13.3972;-2.15119
14.3652;-0.415021
7.37109;1.87984
9.78826;-2.7079
4.88555;-2.71818
-0.871841;0.279933
8.12986;2.72865
12.1266;-2.76317
-0.437292;-4.49407
5.10678;2.78054
11.9572;-2.43686
-2.86085;3.1264
2.83307;1.50195
1.18406;-4.62647
12.5403;-4.24984
6.72844;2.40453
7.32882;-0.690174
2.46184;-4.77506
1.20991;-6.34021
5.63537;1.22765
3.16947;0.376699
1.70752;4.55235
4.20836;-5.32818
2.14827;-0.25737
1.97387;1.9685
3.29714;-5.26627
-1.38525;-2.38793
13.9985;-1.74167
-2.03891;-4.46672
7.38031;4.04257
3.70451;-5.15274
9.43893;4.3824
8.20239;4.9366
-1.26677;3.34675
-2.84913;0.124385
6.50775;-2.46201
0.132131;2.58198
2.61966;0.106428
13.0494;0.379511
-0.888432;-4.56845
3.02298;-1.12777
1.95436;-1.62034
11.845;-3.97458
12.0856;3.59833
4.13535;-1.73014
11.3075;2.34213
6.57461;-0.912007
9.87318;-4.7258
5.64719;2.83187
-2.8107;-0.879019
3.97501;-0.304662
12.1184;-0.04266
2.91232;-4.75069
-0.552363;-3.96888
10.506;-3.58717
3.98505;-5.52316
9.96792;1.12796
6.1667;-0.230637
12.8922;-2.50551
4.619;-3.28793
10.7181;-3.99141
-2.13256;-3.11854
9.67292;2.27873
5.06973;-4.37882
7.34703;-1.2234
9.11817;4.56686
14.9561;-0.598865
6.42918;-2.75074
8.97461;1.08797
6.83016;-1.72073
13.436;4.24305
6.00956;0.785848
7.75463;-6.38739
0.216852;-0.975613
3.42851;0.422907
10.6745;-5.12855
11.7624;2.79066
4.43934;-0.471911
7.28252;3.40857
9.75538;-4.82001
2.7681;-2.10857
-1.04842;-2.84289
13.1101;0.771043
8.59258;-0.0569846
2.25758;-4.31325
14.5653;-4.1402
-0.762052;-1.02161
12.0975;1.80081
5.75113;-6.29914
0.639439;3.1981
8.15024;4.56166
14.3263;-1.44474
10.8558;-2.17753
14.3479;-2.5783
1.27467;1.23263
5.76786;-0.0837888
-2.02321;0.348534
12.7669;4.41663
1.10021;-0.520306
6.17162;-0.521415
9.78226;-0.918072
10.0514;3.09624
14.3118;-0.0159708
7.01278;-1.34868
7.4633;2.22225
2.24257;-4.19135
9.96611;-3.58103
8.52613;-0.863782
8.33443;0.447267
11.9602;3.47248
1.97722;-2.84039
4.65186;-2.69605
13.4475;-3.03799
2.04091;-4.87228
11.7783;2.58022
8.90552;-0.391851
1.94945;-2.05531
3.58079;-3.77753
14.1058;4.10144
9.32419;-0.386398
9.24578;4.72321
10.1827;-1.8924
1.1356;-2.21384
13.0338;3.38363
14.5828;1.80173
10.0791;-3.58668
-2.2779;-4.75521
7.514;4.46948
5.14978;3.43785
-1.28264;-3.35149
8.76743;2.20351
11.4887;4.18023
-0.420219;-4.53895
-0.0218637;-5.42309
-1.33696;3.27649
8.25472;2.38619
11.8691;-2.38724
0.120711;-5.85811
10.1461;-5.7624
13.4747;1.63236
11.1485;0.881615
14.2889;3.00068
11.2848;-0.237039
11.0403;-3.66679
4.3578;3.56737
6.3627;-5.78111
8.3805;-2.76161
14.8421;2.41907
5.92086;-4.69818
12.6459;0.261935
-2.87743;-0.813512
3.49272;3.07801
12.338;-0.358088
12.9964;0.19818
7.76794;2.74541
2.21302;-2.08115
5.0249;-3.62377
0.787098;-3.74657
11.3048;4.8897
5.74431;-4.16
12.585;-6.43163
1.78784;-0.772063
2.9584;-3.54198
1.92574;3.00619
4.45018;-4.85702
4.46316;-1.66186
8.47221;2.41625
1.56441;-0.871281
2.5693;-4.86396
-1.70572;3.93768
14.0318;-2.34256
2.25371;-1.99153
8.00922;-0.723928
8.36645;-1.82715
5.86816;-5.15146
7.97664;-2.37716
-0.782229;3.57175
12.4186;-1.27634
-0.605585;-5.00222
2.05543;-0.2104
1.91597;1.49799
14.4173;3.97022
5.47446;-3.95611
4.19834;2.4724
3.54251;-1.07416
9.38101;-2.93861
11.9999;4.76662
9.63108;-1.38305
5.67552;-2.66824
12.3232;4.70847
5.1083;-1.19734
2.99682;0.0972099
3.06429;-4.31792
-2.49776;-1.09583
2.75977;-2.94927
-2.69671;0.320609
-2.92375;4.82151
6.06391;-1.03705
0.702374;3.88977
1.59447;0.0453429
3.75488;4.34545
12.8192;-4.1011
13.6102;0.17659
8.76394;-1.84523
13.4479;-0.69435
3.82941;-2.31135
14.3869;1.69454
13.8822;-3.01729
13.2417;4.60673
10.9099;-3.94354
1.94212;2.58065
11.6772;-3.29382
10.9338;-2.8321
10.5691;4.76757
1.00332;-6.39551
6.88108;0.373295
14.139;-1.58036
11.513;3.56201
-2.84938;-1.21196
2.03495;4.10458
14.364;1.08
2.15462;4.202
3.69058;-3.92091
1.20215;-3.34885
0.421289;-6.42841
5.93366;-1.15671
11.3252;-2.91531
10.3818;0.0544031
8.35188;-0.781405
6.89526;3.31027
6.11439;-5.36512
5.1134;-1.22698
6.47665;-3.54424
3.00265;-0.349241
9.90334;0.551797
5.22575;1.33749
1.90195;2.04857
8.01833;0.906337
14.4172;3.22419
13.5248;-4.68651
12.3325;-1.7349
8.2019;0.948021
10.0692;-2.29376
0.916838;-2.39762
12.5345;2.3244
0.776313;-2.25208
12.5884;1.09621
11.9023;-1.98619
13.5161;-4.64404
13.6924;0.795762
10.9426;-2.08009
2.68683;-5.96044
-0.701514;4.17274
9.43706;-5.40386
10.9256;0.503384
1.5542;0.692712
-2.57977;3.5664
1.91593;2.11827
1.33978;-0.856842
-1.08943;-5.30253
1.64487;-2.86671
5.52321;-5.07317
14.5766;-3.03368
6.2984;3.78146
5.33053;-1.39479
6.51217;-3.76996
11.9089;3.21047
2.11764;4.49359
10.9042;4.7155
-2.07694;-0.21986
7.51652;-3.00064
0.0879425;0.48737
0.233356;-1.38641
3.42622;-1.66161
13.8366;-1.17372
6.44743;-4.2757
11.0237;4.98124
2.71482;2.18907
2.39618;3.09177
8.693;2.26984
2.00397;-4.45225
14.9998;-5.2779
-2.59582;-3.23051
-1.87979;2.64143
1.67216;-5.19458
3.13812;3.20388
4.52052;-0.605573
5.12543;0.370531
14.2299;2.79689
-2.67299;3.76476
1.88844;-0.255224
-1.45192;-5.91726
6.74506;-1.85981
11.5124;3.17357
1.27611;-1.25766
7.86794;-0.571057
8.41058;0.443293
8.19293;1.04832
12.9852;1.36673
5.12309;-4.80223
11.3564;2.61133
14.8461;-4.02308
2.48727;-1.4071
11.6308;-3.48623
1.52315;3.05637
-0.216223;-0.48704
3.73223;-3.73242
7.32371;4.02716
8.59476;-2.13248
10.6185;3.63973
12.0415;-2.35586
4.15096;-1.10005
14.3542;-6.28029
-0.733143;3.30021
9.65703;0.138023
14.9969;-0.74142
3.65116;4.89964
9.89035;1.25511
4.81441;-0.417048
13.8556;1.38233
3.47894;-5.4526
0.74915;1.94047
2.97127;2.49099
8.68847;4.72274
-0.0910276;-1.83164
12.4369;4.96837
10.7935;-3.56886
5.40259;1.89993
1.93176;0.31659
7.48718;4.73728
0.0593946;0.198132
5.60221;-0.296035
7.32695;-4.26864
0.848982;-6.40969
10.0137;-4.77205
9.47892;-5.54636
1.34402;3.86793
11.7038;0.0903239
9.30093;-1.13826
6.88132;3.21744
12.6993;-1.82447
12.1604;0.842602
8.90609;-2.94587
3.64049;4.25751
13.2324;4.44268
13.4266;-5.67467
6.6117;-2.00935
8.00237;-5.26142
7.5214;2.98837
-0.919993;-2.96368
14.556;2.80154
4.02775;-4.00834
9.787;-4.11594
11.2153;-1.9716
9.12386;-2.60495
1.29783;-0.224096
10.4148;-5.56835
0.315922;-1.82275
4.02121;-0.138962
3.15876;-3.14351
6.08407;-3.57045
3.54546;-6.05548
8.61423;4.71111
-0.365579;-3.85779
11.3992;-3.488
6.67073;2.41579
-1.72664;4.16848
14.8551;2.48301
-0.569937;2.48944
0.148286;2.79834
-0.832976;-1.74276
3.37708;3.45507
5.90435;-0.307248
1.90276;3.67466
-1.35059;0.567081
0.179191;0.357505
12.6469;-0.287031
8.42926;-0.583167
6.27248;2.48513
10.3968;-2.87644
-2.22189;-3.26244
-1.37318;-5.18934
0.765979;-5.55319
13.1118;-2.54142
12.5524;-5.69493
-0.250032;4.82074
5.70623;-0.66883
12.3013;4.7512
-2.17995;-5.09187
12.5361;-4.92229
10.2655;-6.04299
10.2029;0.471842
7.43997;-2.26276
-0.826423;-5.40594
-0.304111;3.44771
4.38411;-4.2805
-0.362175;-0.743013
2.52546;-2.40868
7.4929;-4.17618
9.59984;-1.35995
1.89739;3.30682
4.76471;2.1912
3.47686;-3.2634
10.2142;-1.83808
4.27;0.368263
6.76638;-4.88007
8.46565;-3.32515
10.448;-4.00474
8.60153;3.48045
2.61807;2.63446
10.1919;1.80695
14.7714;3.61344
1.01312;-3.11588
1.23353;2.76773
5.93417;4.25466
1.55131;2.33683
11.1832;1.36857
6.43518;-4.80052
14.382;-3.52957
6.95697;-2.25011
12.3997;-5.39898
6.18755;-0.83603
3.69267;-3.5384
9.77096;-6.31204
-0.742887;-6.25145
11.5916;3.37021
10.3912;2.67639
10.2787;4.61943
-1.34007;4.6884
10.9103;0.268453
13.3457;-6.20505
3.42566;1.50454
9.77768;3.63331
12.1889;1.26869
-0.489791;-1.93458
-2.18831;4.94244
5.86921;-0.1116
5.77525;3.44231
11.6348;-4.23436
12.8561;4.29204
0.935243;1.4527
11.3409;4.56968
5.81075;-0.354107
13.7308;0.189605
6.13194;1.57627
0.0647852;-1.72264
10.1028;-0.43666
-0.993545;-1.46526
4.35128;4.48592
-0.959849;-0.199603
3.34123;-4.67799
6.7714;3.21778
9.85107;-6.15075
9.77232;-0.439597
1.09286;0.29037
5.37774;-1.37093
2.07611;-3.48531
4.35456;2.37217
11.3383;-2.61215
3.35755;-3.00512
-2.27354;-0.480173
9.94785;2.33535
-2.08722;3.05414
0.70971;-1.22018
11.1497;-2.82648
-2.87444;-4.9086
5.6017;-0.176947
14.7013;-4.29406
7.4436;1.46928
9.93862;2.78718
2.10206;-4.38122
1.56457;0.00272468
5.035;1.115
3.06504;-3.70594
-2.99554;1.43666
6.84356;-6.03302
0.844935;-3.43883
11.5602;-3.46035
-1.25429;-6.32758
10.0218;3.65538
3.01974;1.89969
-2.61374;2.84147
2.04429;-6.44403
-2.92579;3.39504
9.56126;1.81375
9.02435;4.7849
13.3292;4.09847
6.8415;-2.43399
7.50804;3.66252
7.7375;0.216321
7.32914;-4.85099
8.24342;2.55566
4.37246;-1.51437
-2.0682;-0.674507
5.07347;2.41479
4.01353;2.50399
6.10091;-1.77235
7.71464;2.53721
4.4874;0.392876
8.63309;-5.19114
2.80168;-2.88552
-1.28802;-3.86084
1.24636;0.881391
7.49505;2.92642
6.46003;-4.43476
4.2669;-5.35692
2.8136;-6.17396
12.9633;1.92443
5.31392;4.29406
1.30422;3.96972
9.84862;0.730788
9.48059;-3.97669
-2.28245;-3.18083
-2.90526;-1.25795
12.9841;0.992779
7.2536;-4.08132
14.3853;1.14468
4.91661;-4.17979
2.51907;-6.23699
-2.61397;3.06998
0.64421;-1.61063
13.7683;-0.457509
5.16326;2.9118
1.64387;4.02708
10.6266;-0.783165
11.8646;-1.0853
-0.734155;-0.52949
9.42472;-4.59394
11.5404;1.49854
8.18834;1.50173
3.24729;-4.30098
13.3102;-2.90142
12.4075;-2.52175
6.26419;-4.63023
3.63848;-0.334585
14.9057;0.069498
14.3031;4.15281
-1.2595;-1.7298
10.4055;-2.4211
2.94358;-0.729533
12.3325;-4.70591
14.5072;4.74336
9.15329;1.12318
-0.418297;-0.945716
3.45139;2.29753
0.218114;1.61305
14.212;-5.52357
-2.66876;2.84026
4.75514;-0.369592
14.5461;2.69592
-1.75436;4.64977
3.67631;-6.14939
13.1258;-1.12259
5.01519;0.86719
11.8012;2.4181
-0.43671;1.25205
13.7669;-5.17717
8.73196;0.476795
11.0024;2.64484
-1.38614;-4.93227
7.08371;-3.4129
12.1525;-0.561077
3.36029;3.3924
2.91524;2.51819
4.07918;-3.01079
7.50905;-1.18137
1.91319;4.47954
5.8736;-4.55844
4.60218;4.29006
11.5702;-3.68674
9.84756;4.44641
13.537;0.92036
-1.79598;0.0607371
1.53468;3.21524
3.58264;-2.57177
14.6603;4.14795
7.98052;2.96375
4.96206;4.57885
9.29659;2.36605
10.4562;-5.62104
-1.66134;-2.68884
6.70058;-2.50577
2.15066;-6.13316
6.29081;1.64765
14.463;-2.75545
14.1562;1.36506
1.99454;3.52623
2.92501;-2.53981
4.96222;0.182579
0.405022;2.79255
13.6082;-4.54159
10.2112;-0.373859
14.8782;-4.47264
5.92955;1.27831
14.0506;-3.69796
10.5505;-6.25134
7.35109;-3.14514
3.64105;3.4039
2.82527;3.67869
7.2546;-3.1214
0.792886;-0.487538
14.5988;-0.885812
4.10405;-2.97092
11.986;3.12567
12.9835;-6.25019
8.61112;2.82247
0.456332;-2.14129
3.18044;-4.36963
6.99559;3.15361
12.5092;-0.720522
-1.50421;0.565949
6.43535;1.06884
13.3108;3.77103
6.34864;-3.85749
11.0083;-5.47571
6.42434;4.87295
8.01404;-0.735231
5.58857;-6.42455
11.5469;-2.93848
12.1844;1.50552
2.96555;-0.880671
6.12207;-0.480464
12.6178;3.27661
9.75637;-1.63589
9.41251;0.0585837
13.6595;2.38586
0.325355;-1.32828
4.75519;-5.45466
3.17127;4.42744
2.77229;-5.10752
-2.29294;3.20896
-1.01933;0.988482
3.21975;0.252569
8.83919;-4.73242
13.1438;-0.734956
12.297;-3.87459
14.819;-2.39891
10.5312;3.36241
0.721612;-1.20515
2.0502;3.80791
-2.4468;-4.1299
9.04243;-4.02203
8.80459;-5.35153
2.51475;4.98458
-2.09856;0.711166
-0.844615;-5.47235
5.48368;-3.85752
10.3296;2.89386
11.7053;-1.91994
14.4701;1.70913
13.1923;2.93455
13.9584;3.72948
0.186214;1.47949
10.4482;-2.08667
-0.222771;-6.1816
2.04195;-4.37222
1.20809;4.41502
4.20899;3.73032
-2.11801;1.62905
12.9885;-5.36059
3.01078;-6.40805
0.391921;2.76035
1.27998;4.18319
8.1979;-5.87052
2.89031;0.315657
10.8344;-3.89164
4.4351;1.67316
-0.905993;0.28584
4.2824;3.42973
14.5291;-0.0730129
13.0405;-3.57958
10.3901;-5.06337
0.655467;-4.83949
-2.73868;-3.60107
12.3228;3.88185
3.32088;-4.37022
13.3938;-0.294599
14.828;-4.79176
5.43432;0.544339
0.659033;2.65185
0.693907;4.67633
-2.59272;0.6102
9.28615;-4.90196
0.750324;-5.49787
-2.95654;-4.40479
8.62819;3.7759
4.85056;-2.01612
-2.66735;0.85107
6.6173;-6.12052
13.0435;-2.06605
13.8438;-3.71166
7.27365;3.23514
11.0772;-0.0461486
14.9114;-3.61767
0.127602;-4.21891
-2.16389;-2.14181
0.0637926;-5.70561
14.9505;3.30691
0.744675;-4.13557
13.9185;-4.0798
3.98031;0.238159
-1.12785;2.97527
14.5649;-5.09137
5.33688;-0.633574
-0.201216;-2.42366
13.1223;-5.45055
7.74472;-1.13591
13.8802;-2.14158
-2.50234;4.22797
8.33336;-4.18386
-0.637982;1.27494
7.44677;-3.03351
10.4129;0.142709
-0.224246;4.46176
11.0981;-5.41756
-0.0543242;-4.53322
9.24093;-3.42194
14.9093;1.04264
4.02264;-1.23161
-0.0119006;-0.225202
11.6265;-5.79057
8.46404;-1.79058
6.50639;0.108841
11.1931;-0.108524
6.13588;-1.6914
10.6293;0.845881
-1.30402;-2.61806
13.9237;3.15287
13.4734;-5.41423
11.2664;1.53178
0.393718;4.49659
12.6499;3.48881
1.02988;3.4406
6.44052;0.561333
2.80539;1.44051
-0.126056;-4.94627
10.539;2.66038
6.80319;-3.27653
3.68226;-2.66901
12.0495;3.60603
10.5228;0.32256
6.31604;3.22314
13.7549;-1.23571
9.32766;3.22914
6.93922;-1.00937
6.7997;2.01826
4.80609;-1.74052
7.96759;1.06187
2.00882;-4.96149
1.88849;0.409078
11.8367;-1.54067
10.2461;0.128962
1.10042;-3.27404
12.4212;0.38893
8.04566;1.46738
5.60081;-2.30346
2.14947;4.94688
0.787324;-4.00556
5.1566;3.79568
-1.86744;-6.43878
3.70902;0.484499
10.4288;2.77354
-2.61813;-2.41344
5.35108;-3.05594
5.80446;1.95861
13.2049;-2.89591
0.00199831;0.815943
13.017;-1.96235
13.5004;2.08549
14.8851;-0.401147
4.90884;-1.07845
13.1145;1.84281
5.40275;-5.28492
13.9626;4.07959
-2.98316;-6.43918
13.6552;-2.20292
8.02746;1.2203
0.240969;0.789298
-2.51971;0.906028
13.8;-0.568078
3.83161;3.08649
11.9259;-0.217417
5.45598;1.76907
13.936;-2.05567
5.38104;4.24682
13.5024;3.90742
4.30701;2.83858
8.34818;3.5368
13.5188;0.0874751
11.2691;4.06442
7.40603;1.7572
2.26148;-4.30638
4.00825;-1.06788
11.8428;-1.71565
-0.905508;2.21628
13.7733;-0.797213
7.64781;2.25228
-2.24029;-5.7948
5.64211;4.80561
5.06013;4.3759
13.5168;-2.30728
12.313;-2.7792
0.179429;-0.966455
0.533626;-5.41504
-2.02797;4.87398
-2.76618;0.76932
9.72707;-2.98912
11.8116;-5.39132
10.9977;0.945865
6.22386;3.78115
4.29727;-1.39071
4.01834;4.96491
0.696374;-1.53069
-1.95114;1.38292
4.47378;-0.680366
8.36163;-2.67266
12.6715;-0.957867
8.81448;-5.95635
14.3358;3.30573
-0.450863;-6.3033
12.1509;-4.722
8.68594;-0.189104
5.27825;-1.07104
8.61324;-3.76811
-0.848095;-4.68741
-0.63177;-0.46303
7.83426;-0.503028
6.39424;2.78346
14.1646;0.17198
5.86911;-2.25881
-1.44791;-5.07481
9.62901;4.50396
7.90538;-2.38333
-2.92547;0.0430043
0.791588;-4.82377
7.5491;-5.89788
2.40662;-3.79428
7.82037;2.24311
9.73255;-3.66741
14.9609;3.00951
4.27072;-5.01196
3.33363;-6.43293
8.71566;3.54836
11.6356;0.451287
5.17097;-2.9831
14.5187;-0.288046
4.73545;1.26101
5.94666;-6.09058
-2.40885;-0.736463
7.88206;-3.69992
8.64486;-4.30787
2.32519;4.394
4.6662;3.81522
9.73636;-4.96746
-0.420827;1.61212
14.2832;-0.207013
12.0263;-2.91147
6.95487;-0.914839
0.344703;-2.28942
-1.37773;0.857233
9.09519;-5.77107
0.238728;-5.33042
10.2886;1.28511
-0.528529;2.36761
0.206571;2.03142
-2.73752;2.98841
13.7847;-2.9301
10.9029;-2.3786
0.733229;-0.98047
5.84964;-2.46708
0.336491;-1.30402
13.1623;-6.2682
10.7497;-1.31404
6.10481;4.42141
11.7076;0.353407
7.61005;-0.875975
8.868;2.34783
7.63346;-1.92773
5.03416;1.8726
0.036337;0.681579
5.45846;-4.39242
5.09216;-1.87244
5.88649;-3.94759
10.694;1.5626
9.63433;-3.5971
-2.06788;3.70358
9.67651;4.42143
13.3336;-1.1166
4.21158;-1.74766
4.52057;-3.99606
-2.83448;-6.41655
9.72203;1.18808
10.9794;-3.07843
-1.80989;-3.93578
-2.53957;-3.79977
12.2543;-0.801821
4.52527;-3.08421
13.162;3.98529
6.34152;1.0747
8.03148;-3.95987
13.3997;1.14341
-1.05332;0.576479
8.05802;-6.32091
-1.49759;-6.32775
4.71877;-0.735319
1.18882;-1.46281
6.1536;4.30415
-1.08219;-3.22059
1.26635;-4.51438
6.14655;-3.48012
4.33437;-2.41058
10.6457;2.99366
8.74728;1.04381
10.2714;-4.5266
2.66375;-2.47316
4.06466;-3.90389
-2.73351;-0.74276
12.1397;0.735107
6.29165;4.13246
8.59412;4.36777
4.6651;3.58354
3.89471;4.24528
11.6938;-0.869778
0.951683;-5.88658
8.92044;1.86831
2.68691;-5.69831
-1.50094;-5.64863
13.1145;1.96295
10.1403;0.7743
13.3352;-5.98632
14.6887;-3.05012
1.8675;4.9714
11.4111;-5.21762
8.27976;-2.85655
-2.35068;-3.38614
1.71321;-1.18801
-0.343192;0.916174
4.13311;4.5851
-0.579554;0.581951
-2.68927;2.66223
3.18302;-2.66818
12.5957;-1.592
4.33021;2.25927
-0.0715638;-4.92164
4.09602;-5.69271
0.274502;-2.16529
3.6634;-1.29817
3.74001;-4.53571
7.14921;-6.48737
5.77733;0.399059
1.89364;2.11896
-1.88705;-1.6761
4.09846;-1.23169
3.90104;-0.418474
-1.66915;-1.89248
2.8598;-1.69947
10.2094;-4.29232
12.196;-4.87747
14.1657;-6.42053
2.01009;-2.49948
-1.61202;-1.20707
10.0465;-1.35606
13.4266;-5.35865
8.12591;-1.02102
-1.19377;-5.28404
-1.62567;-2.21953
12.3938;-4.91091
11.2503;-3.62995
7.73333;-4.48663
11.0112;1.20767
7.36313;-5.30467
-1.42195;-2.93977
2.32646;4.21673
5.11214;-3.63003
13.8984;1.88365
7.75381;-6.31703
0.406827;-2.79427
5.33776;-5.32865
4.58673;-5.56487
7.40922;-0.498939
0.366916;1.02838
13.0928;-6.014
11.2708;1.3859
2.25294;-2.02513
12.4945;-5.69238
-1.93168;-1.47984
0.135052;-4.80927
10.4302;-1.09403
-1.57963;-4.23685
9.95364;-6.29634
13.6646;-2.85358
-2.39484;-5.17662
8.50771;-0.786467
0.904799;-5.80077
7.4066;2.64507
7.48741;2.29974
5.09756;-1.01817
11.5342;-3.70909
-0.0765962;-5.35821
8.37252;-6.233
0.0512484;1.44832
5.27556;-2.54764
12.0872;-4.13245
11.6478;4.04651
4.24805;-0.365742
13.8264;-2.72251
12.3089;4.6368
4.98397;-0.867168
5.37444;1.0956
6.91105;-6.00101
5.20279;-4.96765
11.5545;3.91412
7.97872;0.584484
-0.331265;2.38191
9.87591;2.4708
11.32;3.67568
5.4821;-3.56392
1.11346;-2.94183
5.30133;-6.01363
1.07689;3.43432
7.36272;-4.64515
0.461969;-1.59869
-0.665233;0.812686
13.4882;0.341992
2.33472;-1.1338
8.49024;2.14896
7.79774;-1.36028
8.83786;-4.08726
-1.86646;2.7681
14.6786;2.45048
7.54786;2.44356
8.93661;-5.84197
-2.40579;3.75421
3.59927;-0.816737
13.8113;0.320881
3.44491;-0.638801
10.5794;-0.170602
13.8457;3.66739
0.352827;3.29664
5.62339;-0.949625
2.73314;-5.14963
1.22505;4.0614
7.15841;3.76242
-0.692662;0.714304
9.56951;-5.23122
4.30141;-3.23057
12.9845;-5.70905
3.14732;4.09198
14.2881;1.64365
4.47429;3.78574
2.42275;2.39283
4.27347;-5.85973
2.82609;-2.59056
13.9163;-0.635691
0.452998;-1.68295
14.8665;-0.631076
6.65336;-3.88598
4.71702;-5.34248
-0.845576;-0.0955467
10.1037;2.90696
9.01028;-4.96339
-1.1587;-0.114424
0.643142;-1.39616
5.57356;-4.62727
-0.26479;3.7528
-1.96936;-1.28797
8.96706;-1.1946
6.16013;4.86785
11.4232;-1.34003
5.97207;4.92092
12.6162;-0.853159
6.06237;-1.85556
9.93005;4.22017
6.08132;3.1373
5.80375;-3.82622
8.8084;-4.70215
3.59017;2.22064
9.80885;0.0379503
0.638322;-4.33902
10.1645;-2.42802
-1.56973;2.56914
11.5315;2.05941
1.49928;-2.86369
10.1905;-5.91062
10.7681;-3.84059
-2.20126;0.773299
10.0011;-0.199849
-2.34615;-1.43289
5.6405;-0.280304
2.01561;4.64494
10.9202;4.24867
-0.741714;-4.89614
9.47371;3.12622
9.74371;3.7938
-2.55046;-1.44751
1.48556;-5.29901
1.10342;-5.85021
12.2771;-1.00383
3.70868;0.187649
6.52521;-4.91762
11.6302;0.0958538
10.8611;-0.346689
-0.814949;2.77342
14.5624;0.416324
3.25009;-3.57516
7.2698;-5.11341
0.40202;1.50406
1.68071;3.64283
6.59522;4.63226
10.9878;-0.0825115
4.33265;-6.1976
8.92458;0.80638
-1.50961;-0.621126
-0.961229;-1.26171
-1.33066;0.888098
7.67583;3.91358
0.887924;-2.32365
4.93079;-2.62004
0.0518116;-1.71268
13.8985;-0.557117
9.07121;-0.642457
8.47222;3.38567
0.696416;3.81992
10.349;1.99188
12.5773;-0.534871
2.3364;-3.36306
6.81005;4.52785
13.3461;0.719724
5.46269;-6.25413
-1.5005;-0.0267557
8.94882;1.27868
5.43156;3.61792
-2.28777;3.95372
0.909716;-4.0952
2.85554;-4.70585
10.0659;4.9532
8.97657;-2.32284
12.4;3.5133
1.69109;0.367378
7.96462;-5.05073
-0.914337;3.91454
4.17842;1.10004
12.562;-2.97047
2.19615;-2.65089
2.90932;-2.22222
13.1567;4.90936
-2.12902;-2.29082
12.6949;-5.4885
1.95063;-5.47485
2.34725;0.403948
1.41283;-6.23601
7.73293;3.971
3.95136;-1.30397
11.0624;0.938227
-2.11815;-2.01052
10.9109;-4.60409
2.32803;-4.52629
11.8632;-4.65359
5.61376;-5.18428
5.91473;2.77863
5.75504;-1.98212
11.3812;-0.350043
10.6597;1.21527
8.20923;-6.11003
10.6807;4.07775
8.41656;-6.44027
13.9697;-3.84894
13.4829;-2.71712
9.2824;1.51504
14.5635;1.9105
-1.42772;2.10861
13.1318;-2.09147
13.5636;1.80236
6.79035;-1.91445
12.0544;-6.04953
0.700458;-2.78842
4.77654;-6.44782
12.4354;-4.3046
9.15775;-0.977013
1.04667;-1.49213
4.20116;3.37928
4.93191;-2.55752
-1.38728;-2.40166
9.09187;2.37744
-2.03993;0.946468
6.05938;-4.88211
4.12968;-1.90565
6.43267;-2.86261
-0.813842;-5.71863
9.87068;4.51479
-1.07191;4.08712
2.04997;-0.29982
13.6528;-4.9121
10.1409;0.406741
8.13009;4.48095
-2.35104;-6.28837
11.6508;-1.01778
3.50208;3.89059
11.9957;-6.12053
9.15865;3.69395
9.24929;-4.44404
-2.5119;-5.61899
7.40918;-0.161732
4.07227;1.54702
8.14378;-5.25867
8.83589;1.85148
-2.48591;4.28819
1.77651;4.46774
-1.62873;4.94724
6.97745;1.48698
14.105;0.289097
9.8326;2.28843
-1.79272;-5.64728
9.01933;3.85189
-1.07137;-2.55296
11.1587;2.55812
6.39601;2.85767
12.5569;-5.34668
3.56756;-3.54248
11.4005;4.81558
3.57211;-1.23784
9.78322;-1.9727
4.12227;4.71871
3.2531;-1.07357
14.4771;3.86952
-0.00509878;4.09415
5.85696;3.61202
9.33796;-0.0700672
14.1622;-2.4384
5.2672;-5.80308
9.53527;-3.67235
12.2687;-3.98835
-1.92731;1.69416
2.73647;-1.61873
14.4548;-5.13469
4.35159;-2.64948
7.37342;-5.13609
10.1131;4.6778
-1.30546;-5.62715
4.98924;-5.75142
14.5968;0.517644
14.7538;-1.09902
5.81164;1.22531
-2.48204;-1.4056
-2.55091;-0.887265
6.06466;1.79556
10.211;-2.45366
13.9156;2.62571
-1.84096;-3.52782
0.923973;-6.10782
3.78911;0.703833
3.64075;4.46495
10.4104;-5.37948
13.6582;3.15036
0.12006;-2.25301
13.2766;-4.76426
14.6316;3.74167
8.17053;-1.1057
7.12223;0.96764
13.4171;0.253898
-0.526369;-1.71999
2.55568;3.52076
10.8152;-3.64333
8.9684;3.06685
6.12342;3.65346
12.588;3.66634
6.16794;-3.79827
12.0751;-3.57497
2.98264;2.27405
-1.31677;-0.684385
-0.619235;4.97434
8.81951;-5.21432
12.9903;-3.31192
7.45562;-1.31701
13.6785;-0.831326
-2.31618;-5.7639
13.3545;-2.51365
13.8368;1.27503
7.71081;0.403337
6.14381;-5.32813
5.6976;-2.19909
14.7468;4.91409
7.96064;2.96951
1.44385;4.32487
7.55514;-2.58548
5.04598;1.76461
3.08691;-5.30815
11.9483;-3.89514
3.85554;-1.76973
9.18968;-2.96435
13.2766;1.72474
3.68621;2.84762
-1.887;-2.97139
5.80067;1.0541
13.3283;4.96453
10.658;-2.01126
3.67634;2.06419
3.89139;4.76807
7.22665;0.741954
13.5803;-4.72274
14.4623;-2.26657
12.7177;-2.95467
5.49174;1.59215
6.62639;3.3052
-0.930134;-4.06196
-0.118665;-6.27865
13.6896;-0.387402
11.9775;4.87387
12.0906;-2.80838
8.62638;2.07315
2.72268;-1.84606
-0.555307;1.42159
-0.310762;-0.535283
9.03599;1.75182
-0.328689;0.282601
12.6977;-5.13686
14.2425;2.07094
4.68283;-1.55869
5.08135;4.55867
2.0815;-0.014501
0.12529;-1.41263
7.49768;-5.3405
14.5304;-1.72417
-1.38257;2.84117
10.2534;1.96133
7.0398;-5.87639
-0.471759;1.4762
10.3751;-3.16661
0.820571;-1.76514
-2.86663;-2.35241
-2.97267;3.61428
5.6255;4.53349
8.24643;3.91921
4.00404;-5.6517
12.6176;1.22132
8.479;-6.02541
-0.951627;-3.95934
-0.442297;-5.49135
8.45189;-3.83255
13.1997;-2.21606
14.419;-1.23587
4.68138;-5.25596
-0.275997;-4.54725
4.16467;-2.31874
7.46756;-1.83736
10.0365;0.205067
2.12909;-4.16042
6.7647;3.96214
-1.02971;4.21336
14.7033;4.73667
7.85428;0.644247
-2.66932;1.74336
12.159;-4.65465
11.4814;-0.998611
4.06352;1.60183
12.3162;-2.35842
-0.0793685;-3.30712
5.42966;-2.89371
5.05402;3.46305
9.18921;-6.16677
1.89238;-1.8836
8.01646;-0.097394
7.88762;-4.72315
5.39699;1.71477
-1.45009;-1.32481
9.44574;1.4249
-1.7174;1.66271
4.30684;4.00434
12.6648;-4.07973
4.05244;-3.47913
13.4694;-3.70894
8.21078;-5.61195
6.36615;-5.45194
4.03463;4.62955
14.2348;-5.7181
14.9417;-3.8632
5.44951;0.501077
11.1486;-5.64572
10.7394;-3.59585
11.195;3.26815
9.64592;-0.979506
6.69346;2.39877
0.417191;4.3613
9.37009;-5.80873
-0.211452;-5.59116
2.8103;-5.69633
2.79114;4.37458
-0.352089;3.18383
-2.33847;-0.313931
11.5775;4.93375
7.90638;2.77616
1.02347;-5.63374
4.47742;-6.39005
-0.306983;-4.44483
1.71772;4.28959
-2.49393;4.59343
4.52882;0.0163683
10.2921;0.493286
6.19983;-1.60468
9.028;1.15924
6.08477;4.89669
10.2463;3.00406
13.8594;3.65463
9.03321;4.69392
4.57675;-0.99873
14.4172;-6.19133
2.1299;-4.30178
-1.16097;1.55468
0.612783;-3.60453
12.8241;-1.17774
0.420092;3.93317
4.69413;0.49514
5.52972;-4.5921
0.894928;4.82721
7.64852;3.67298
8.71793;-5.39262
12.7612;-2.05063
13.6092;2.84095
1.85844;0.299328
11.1415;1.44471
-1.74689;2.16254
9.91833;-2.42197
13.9994;2.92831
-2.00967;-4.83108
-1.7106;4.24256
7.94272;-3.49116
12.1446;-6.09312
12.6584;-2.87473
0.623137;-5.50759
2.40389;2.618
14.4763;4.43894
13.005;3.23506
3.08606;2.83683
8.85811;0.492318
4.25659;-1.38912
2.37969;-1.06325
0.558388;-6.3096
11.8927;-4.86583
12.0554;3.64749
2.17005;3.94249
11.6975;3.79427
0.0542536;1.06579
13.7496;-6.04469
14.5164;-4.98407
-0.734013;-3.35646
13.6444;-5.3869
1.04216;2.85932
13.9797;-0.0291971
8.26354;0.424178
0.0727102;-6.16769
-2.16252;-1.09986
6.02983;-3.69153
5.75041;-2.71616
3.9537;-2.79075
0.805575;1.24573
1.15055;-6.17861
7.23652;-1.89693
9.34515;-0.758855
4.91746;1.07824
8.3589;0.00608875
13.7819;-0.108989
8.92569;-4.69573
3.65269;0.467355
9.95229;4.94648
0.74327;3.73819
-2.56364;-3.57341
3.47739;-0.452154
5.97662;3.22888
12.3887;3.6777
0.0335891;-5.73697
7.05406;-1.91014
-1.30264;-5.03658
11.3889;2.4716
8.27671;-3.74869
4.90409;-3.53836
11.4898;-2.22838
11.6389;-1.12341
6.51008;-4.39701
-1.67905;-3.64904
0.207862;-3.26453
-0.512633;-4.17175
6.64497;-0.772514
10.1104;-6.10287
3.19257;0.20779
13.5519;-0.60551
8.69346;-1.00174
13.4103;2.05524
7.89654;1.67729
6.43332;-3.83375
14.1056;4.57668
5.80887;2.18599
3.02343;-3.01946
1.01098;3.42419
5.73944;-3.09349
-1.00412;1.133
7.39616;-3.6357
12.5915;-5.19595
10.448;0.33735
-0.337282;-5.45185
0.201089;-5.72399
7.86674;3.01596
6.82059;-0.573008
7.28536;-4.76406
1.07626;-5.40195
3.89038;-4.46713
-1.94389;3.53008
13.7773;-1.97696
0.147056;-4.71857
1.61305;1.09415
5.12026;-2.27763
2.83379;-6.17007
8.09218;-4.31161
-0.442454;-2.32154
11.1273;-3.16483
5.18077;4.57088
3.43489;-5.83076
11.2229;3.88544
7.32454;-2.34195
-2.0274;2.70051
5.22694;-1.47642
14.5827;-0.569166
2.56224;3.95224
13.3626;-0.935728
-1.85165;-4.59891
-0.404214;-0.578385
6.58456;-1.11444
6.78503;-4.78986
8.85489;1.38554
6.21693;-1.4003
14.5628;4.6152
4.31048;-2.66812
-2.55478;-4.24257
1.25321;0.380681
7.04162;-3.16129
4.17056;-6.32842
10.0888;-2.18542
6.5516;-6.08406
2.11328;-1.44372
6.36033;-2.49951
7.8898;1.13863
12.5302;-4.91916
-0.614307;-1.82635
2.1511;2.59815
-1.34215;2.67958
1.22272;-5.72011
10.7657;0.86843
4.21843;2.57923
12.0666;0.829098
3.98073;-1.95867
13.6974;2.5411
4.37673;1.0301
-0.095461;4.31532
9.43728;-1.37751
3.8425;-4.07375
11.2794;4.82897
12.7537;1.04508
-0.793334;-6.41093
-1.87503;-1.7992
11.38;-4.72209
0.725804;-6.11493
1.00351;4.67516
9.13591;0.669573
10.7025;-0.620646
1.69357;-4.78571
13.3106;-4.33352
13.8345;-2.8664
12.1773;-5.38893
1.61569;-0.357384
6.75688;0.820514
10.4121;-2.64346
8.1905;0.633745
14.846;2.0593
8.30528;-5.87965
-0.245066;-1.58996
0.753803;-2.35953
5.28799;-1.54394
2.97229;-4.9514
-2.02074;-5.42999
8.62637;-2.87569
1.35804;-0.151355
6.06384;-4.4603
12.6244;-2.51263
1.93164;-5.06884
12.8556;2.88433
10.6983;0.698849
-0.275148;-2.09884
1.43363;-4.8575
-0.714064;3.55541
0.541855;-3.27944
2.42418;-1.83889
8.52161;2.26056
12.053;4.67665
13.1361;3.74282
-1.8313;-0.262881
0.705061;-2.96903
-1.30054;1.65791
5.71931;4.56801
-1.99;2.22144
-1.43609;4.27526
7.33947;3.25084
7.13339;1.84665
1.15095;2.8067
12.6352;-2.38755
9.30592;-5.748
8.47776;4.82757
5.4727;-3.30596
10.4423;-2.96971
1.49326;0.897283
0.557911;-2.88264
0.340802;-1.85977
8.18869;-3.27983
-0.968123;-5.281
1.3641;-4.55658
12.5589;-2.71266
-1.0925;-1.45379
0.190185;1.19279
-0.0372691;-1.80983
5.60791;-6.11799
10.778;-4.63839
-1.22503;-1.86437
-0.356072;0.0471247
9.25514;3.7773
12.7734;4.20036
6.66456;-5.64947
1.41035;1.80898
5.59424;3.46605
-2.95438;0.288906
14.507;-3.68268
10.668;3.12548
7.33772;3.45101
1.96438;2.14283
6.61639;-1.43546
-0.130956;-6.3567
5.52503;4.13562
0.138118;0.0805582
2.90284;-2.80592
-0.452322;-6.39907
0.868252;-6.2949
13.9064;2.14596
-1.34771;-4.38099
5.53818;0.0463939
-2.08425;-1.01591
-0.127357;-6.22989
9.99352;4.06763
12.4888;-3.09393
11.1161;-4.93272
-2.14085;-2.83756
7.38024;-4.1181
2.9568;-5.92163
-0.624739;-0.689356
8.20528;-1.21121
11.877;2.28661
5.43607;-6.02389
11.074;-1.80899
11.278;3.54735
7.65916;-3.42298
4.97281;0.895081
10.4;0.429041
8.99769;-1.13747
6.38609;-0.439218
10.7248;-2.9847
8.93957;2.81751
8.23472;-3.74012
-2.68788;4.48347
2.2251;-4.78306
5.28645;3.99719
7.96548;-3.20115
9.18334;-5.60456
2.90863;-1.22448
5.744;-5.10297
2.98361;-5.60354
4.00287;2.4166
9.97807;-4.96483
3.80188;-2.04327
7.7964;3.84231
13.4622;-2.3337
0.690181;0.145577
0.105093;3.03536
11.7216;-4.31678
11.1164;-5.25628
3.1046;-3.68705
-2.62293;4.40588
6.56629;1.5247
-2.52837;3.38675
-0.182267;-0.612234
14.6616;-0.876918
7.61879;-2.24216
1.75777;-2.92423
6.06732;0.885332
9.57262;-5.30929
6.74762;0.550023
5.3849;2.08526
0.436593;0.840827
7.3627;-6.39894
11.9072;-2.36055
-0.89513;-4.57579
7.88201;-4.91432
-0.918123;-4.93581
12.0423;-4.86859
14.9232;4.9106
8.76914;4.73474
5.66142;-3.6966
3.24925;2.07337
6.9848;3.28559
3.97884;-3.58832
14.1803;4.18635
12.5922;-1.66668
9.16426;-5.84269
-1.94481;-3.60778
-1.81299;3.69819
8.0061;-4.39685
-2.02581;-4.01593
2.77382;-4.54751
3.33641;-4.70079
2.60958;-2.50079
-0.32377;4.60307
2.84443;0.743497
0.766661;1.22652
3.75684;2.28565
6.41026;2.27557
-2.69112;-1.01158
9.46213;3.65904
13.1558;-2.26647
13.9299;4.49589
8.15335;-6.42528
12.1733;-3.84258
0.408839;3.81648
5.04755;-0.633302
-1.79639;2.68975
8.99882;-2.14713
-0.356408;2.87572
3.19191;-1.07709
5.01269;-0.137579
-0.418288;2.93609
2.71003;1.16154
7.5052;-2.65459
-0.417458;-3.32643
0.920022;-6.0283
8.59372;-4.67919
14.9493;-3.46715
-0.0330792;3.16167
5.90651;-2.4266
10.2701;4.33176
12.5584;2.74712
10.338;-0.39399
0.286943;3.71048
3.23228;-0.444065
3.46964;2.60095
-1.56257;-0.717189
8.0145;-1.93357
0.0433317;-4.2513
10.1664;-2.90569
5.48704;4.4163
3.36418;-5.17062
-1.06365;-2.46641
3.82783;-3.36735
0.436054;3.5525
8.27903;4.17341
11.6884;-0.853852
10.18;-0.0942217
-2.60532;4.02052
5.00805;-2.26611
4.94576;2.74964
-0.128068;-0.505189
2.52905;2.37189
13.5306;-1.0232
14.4061;0.973086
11.1983;-1.45714
7.78339;-4.86288
6.97394;1.6265
5.87589;4.23446
14.623;1.36596
11.5361;0.465197
8.01814;0.671224
-1.2605;-2.5401
0.25096;-5.1365
1.665;0.693259
5.76114;1.55687
4.73671;0.93224
0.993942;1.97535
4.51951;-4.88707
0.838154;-2.07528
11.2216;-6.47674
11.8188;-2.0246
-0.401143;-2.16018
-1.27528;0.831086
2.59453;-5.63895
2.78668;-5.13875
9.24978;4.23642
10.3552;2.4376
2.00293;4.10947
13.1235;-0.323263
6.86515;-2.10151
1.2787;4.74563
-2.48233;-1.2147
9.86763;-1.36514
7.79722;4.17314
11.9628;-2.01576
13.7422;1.02716
11.0238;-5.64322
-2.42559;3.56154
9.8158;-2.55873
14.0962;-6.11508
5.29959;0.748848
14.4073;-4.16501
4.3353;-3.68235
-0.739103;-3.01246
11.0782;1.24719
9.34336;-6.272
8.7279;1.71677
5.62951;-2.28619
-0.101791;-5.58847
2.30131;4.91121
5.44554;-3.91665
8.64268;-3.6446
2.38456;1.30536
-0.782171;-6.372
-2.61397;-5.66046
-2.19717;-0.950855
9.66009;-6.36574
9.34038;-5.22517
1.62038;2.82859
4.45416;-6.0537
5.72732;-5.35159
-1.94456;-4.93138
11.6585;-0.312391
6.05075;4.71682
8.11169;2.66937
14.4178;-5.5051
-2.60443;0.566407
3.02655;-2.80714
2.27755;-1.23276
2.98048;-2.88161
6.55845;-2.16622
11.3492;-3.80482
3.99346;-0.948329
3.21394;0.919955
2.29085;2.23239
9.31241;2.45605
12.4656;2.04057
13.4734;1.24599
2.0528;-1.6929
8.68091;3.82731
0.876217;0.590837
14.7217;-3.7708
1.15916;-2.8275
7.05191;-0.47099
10.9926;3.74292
12.1003;-2.95346
1.81571;0.814942
6.76964;1.04475
-0.860954;3.71173
2.42301;-1.75312
8.65167;4.83096
0.44807;-0.675074
10.1033;-5.2724
0.241432;-6.4003
6.44562;3.03372
13.3205;2.01117
5.02105;3.74922
14.5936;1.2818
0.790518;-0.337573
0.616925;4.86147
4.67793;-6.04178
2.33427;1.48205
9.16668;3.14972
3.30281;2.63977
10.0875;0.991495
0.735624;-2.19443
8.46123;-1.91042
12.8564;-2.30602
6.10516;-5.79859
3.72054;-6.14811
13.0202;-3.27931
10.8726;-2.64031
0.0833325;2.10343
-2.77853;-2.10837
2.11178;-4.04769
3.65702;1.67121
1.5556;1.1611
4.28336;4.18368
6.09519;2.18005
10.028;-3.82774
4.31198;4.2101
7.92183;-6.006
2.94733;-0.891671
4.33771;3.11687
6.87611;2.48166
12.6033;-1.45513
-1.90067;0.831818
10.9376;-3.82774
3.94213;2.54605
8.05651;1.20111
14.9974;4.81698
3.84362;-3.59112
8.70482;2.52557
0.27532;-4.71111
6.71314;3.91602
3.98268;4.37716
12.067;4.93899
14.7983;-4.5742
5.68276;-1.94086
-2.93321;-6.14294
0.194298;3.51142
5.45519;-3.75685
6.14594;-3.69351
5.47629;3.77849
-2.44819;-5.52071
7.14198;-6.14909
-1.75366;4.35191
2.10228;1.77435
10.1126;-1.14764
12.7512;-3.4169
3.68093;-3.4756
0.850843;-4.10551
1.63835;-4.16858
3.76219;2.01071
7.78523;-2.13704
10.88;2.43137
1.49903;-3.7303
-2.72684;2.21763
5.72795;-0.910071
8.73305;-0.571264
7.28226;-4.02428
6.82901;0.865496
-0.139362;3.03943
3.47976;3.70511
2.30889;-3.79691
-0.201065;1.16016
5.96476;-2.25153
12.7377;2.19088
7.29896;-3.62506
5.92423;-4.52954
8.32888;-3.43064
14.0637;3.61228
6.13941;4.57634
8.4729;4.91526
5.08634;-3.17398
6.14712;-6.26451
6.08099;-5.87636
8.8972;1.12937
12.9074;-6.25917
6.91484;-4.44514
1.60788;1.62269
12.2061;2.17141
-1.63645;1.76967
6.17576;0.951053
14.4437;-6.43612
11.7467;0.382508
1.90421;2.32333
5.60054;2.47231
10.1473;-5.1753
10.911;-4.43405
4.27939;-3.26844
0.602256;3.95246
3.03423;3.40243
7.302;-3.98173
12.8764;-5.08368
4.15794;-4.91281
11.9306;-3.71185
13.0569;3.91017
14.3079;-1.87911
6.95669;4.20242
4.33268;-2.21727
6.52424;1.31802
-0.486159;-6.42028
5.28051;3.50574
-0.801778;-3.8221
-2.10518;-0.444859
6.24959;-3.62687
4.83799;3.26466
-1.00347;-6.41056
-1.77454;4.91883
-0.643164;-1.14394
-0.642763;4.54476
9.74746;-6.23539
12.5816;1.20202
4.64686;-1.68385
7.80696;3.07026
11.2417;-5.01062
6.21644;4.20495
-0.544012;4.67861
11.4167;-3.52648
0.688443;3.28238
11.1318;1.76597
-1.19138;-3.96373
7.22186;-4.06893
1.1098;0.813568
0.678092;-2.36854
-1.16928;-2.6441
2.75409;2.81384
3.4495;-4.36884
5.63352;2.50601
7.87405;-5.57969
8.07591;-1.95381
0.771688;-5.03545
2.87135;-2.52121
-1.21071;-5.03817
7.88189;-3.00034
14.5996;-2.01902
-2.58423;-5.60029
7.98352;0.296266
2.2134;3.14296
1.08496;-0.819326
0.559959;-2.72054
11.9268;-0.549354
-0.506137;-4.34291
9.64978;0.609162
14.4727;-2.97088
9.56787;0.239375
9.63961;3.93916
9.84093;-6.17355
1.56723;2.84709
-0.200951;3.37027
-0.892043;-4.96751
1.46282;-4.88762
0.806928;3.3685
10.1614;-0.737014
9.53966;4.51848
14.9118;3.78587
2.162;2.98024
4.41368;-1.60875
-2.78505;-5.18168
-2.21675;4.80043
4.58729;2.02988
7.23622;-5.07726
8.69067;-3.25626
-0.26213;3.88699
-1.29263;-2.96252
10.707;-4.06243
4.9356;-6.39149
3.33906;1.00217
12.6162;-5.5414
-0.237149;-0.0115398
-2.25326;-4.79119
5.25547;-2.72497
14.5133;3.51085
10.5646;4.82638
14.7326;2.66669
14.4159;-1.8234
6.69898;-0.333373
6.54681;-4.33439
11.7293;1.34854
-1.35245;4.00118
14.8216;3.30986
-0.748035;-1.54402
12.5244;-1.01129
-1.50028;1.89538
7.09145;-3.77669
2.29645;0.4244
3.93724;2.15817
13.7469;-2.37882
8.22107;1.36571
3.17879;0.498188
5.65941;-2.92562
-2.72641;-6.27103
12.2468;-0.225859
0.74804;1.15137
1.10507;-3.05282
7.41269;-3.9913
-0.249841;1.59131
8.68386;-6.32458
0.255683;1.92284
10.4152;2.02733
14.4462;-6.04536
3.18532;-2.42172
11.2635;-3.34883
9.83393;-1.71817
14.2438;-5.85298
-2.5617;-1.45072
3.6074;-6.04519
5.26162;-4.0376
7.53228;1.17284
12.8303;2.85164
14.4052;-1.23367
-2.43598;-5.12294
-0.0923947;1.32503
-0.570026;-2.56234
4.43146;3.62328
-1.48958;-2.10597
13.5568;-1.58328
10.261;1.69074
9.628;-1.32824
-0.695101;1.08477
6.10765;-4.7474
-1.22497;3.54017
0.455079;-0.0876972
-1.43075;2.43637
1.0463;4.61635
7.62471;-4.29484
4.64245;0.648353
2.60695;0.240311
2.43661;-1.3653
13.7133;1.72126
2.88207;-6.35704
-1.25432;-3.66409
4.9195;3.0876
14.2591;-4.87243
2.10161;-5.50077
11.4193;2.57813
1.3072;3.84638
8.9243;-1.54076
5.23098;2.12088
0.74964;1.34382
9.89305;2.68361
12.7288;-4.8801
4.56308;-4.3688
10.0856;1.80535
8.37272;1.03818
4.86775;4.52389
9.02265;-0.358088
0.693609;-5.25918
3.62011;-4.61354
1.48964;0.988872
1.51673;-5.91928
4.93097;-0.86249
14.1033;-5.31469
13.5862;-1.81422
12.3488;-5.00765
-1.38844;0.0434197
13.7102;4.57859
9.77737;-2.49207
-0.323814;-1.47646
-1.72704;2.47569
-1.33818;-0.660105
10.3037;2.24285
-2.24587;4.35939
12.6266;-1.78868
-1.04998;-5.14795
-1.90405;-2.36847
0.025204;-0.732802
12.2907;-5.14013
7.88219;2.36579
6.46276;-1.2413
13.2127;0.575255
-2.52711;3.0341
7.41471;1.96544
0.196213;1.86363
0.113186;-3.6447
6.1398;-3.4493
10.6099;-3.6611
-2.54053;2.67701
0.440796;3.77722
0.738248;-3.05587
-2.79766;-3.41148
8.85756;-4.43796
10.8611;-0.65529
2.35603;-2.19177
2.02513;2.96756
11.9743;-4.43136
4.8931;3.36905
-2.83919;-6.30334
7.69747;-4.35524
10.3987;2.32348
4.82619;-3.6004
-2.41434;-4.30474
5.982;-5.83228
14.8001;1.43678
14.1312;-4.2394
14.8136;4.57422
5.37252;0.956583
-0.438896;-3.79517
-0.180585;-1.44183
7.97695;-1.48821
1.73593;-1.42002
8.08241;1.56855
2.39849;0.683168
9.93684;3.78353
11.6002;-1.17452
8.90662;-3.672
9.87404;1.48118
4.8625;-4.03642
10.5374;-1.60447
13.2788;1.59385
8.20089;3.78128
9.00219;-5.49476
6.76361;2.80433
2.80706;1.53915
1.48043;4.22312
-0.572431;-0.611772
3.73529;2.13138
0.845386;1.25214
3.7532;4.22198
7.22975;-4.35753
4.11777;-3.85732
4.77987;-5.22746
13.6287;3.49373
2.84785;1.27276
2.30493;-3.86351
3.83469;4.04539
-0.780888;-5.96532
-2.92076;1.15563
12.4002;-2.7393
3.56575;-5.2985
1.67032;-0.75427
8.09696;0.786921
1.5033;3.0465
2.5394;0.691651
10.7246;3.57473
11.6099;-4.68406
-1.09448;-3.6954
1.83414;-6.15873
-0.967835;0.324604
9.70023;-1.81241
11.8087;-5.51935
2.84292;4.37886
-0.62819;-2.71639
8.0105;4.85432
8.80847;4.72927
-1.34741;4.02812
5.56956;1.64554
6.88441;1.8521
6.69189;3.3541
3.32936;-3.03948
10.193;-4.62212
5.2588;3.14625
4.32909;1.86493
12.6326;-0.519196
2.77493;0.101559
13.6984;-4.84937
8.8678;-3.59863
-1.38863;2.59753
7.46345;1.56397
11.0116;-3.77072
9.19811;3.50767
-0.24928;-4.73176
7.41373;1.57245
12.8405;-5.15474
7.05894;-3.8359
4.52209;-3.14462
4.10918;3.58223
-0.649621;2.72445
7.87383;4.98915
2.79953;4.1367
7.3159;-3.62635
-1.76765;-3.82708
6.03917;-4.68318
-2.57669;-5.53999
12.4656;2.7223
2.77454;-0.325972
9.09909;-1.05331
9.43137;-3.61681
0.160393;0.0626041
3.61845;1.94569
11.4418;2.53423
-2.52876;-4.23133
8.92142;-4.6973
14.9892;-3.43637
-0.195358;-2.80162
0.444003;1.88257
7.28666;-3.51233
14.3042;-5.65294
4.52007;4.82593
-0.171555;-3.31472
11.1625;-1.00365
11.6493;-1.22179
14.1282;-0.698431
9.77436;-5.03781
-1.64738;-5.61015
12.508;3.59087
12.5333;3.70895
-1.65462;-0.459454
-2.19916;-5.64733
11.25;-4.1965
4.12339;4.80451
13.726;4.62309
1.37037;3.74155
-2.26412;1.09667
12.7578;-4.22279
13.8761;1.11572
9.16731;2.14125
-0.818206;0.716608
1.60616;3.05532
10.5842;-2.693
13.349;0.58667
0.753185;2.36926
6.0714;-3.24258
2.33708;-0.192738
3.43318;-5.48602
10.4777;2.16115
-1.71889;1.29683
9.96663;-2.88933
7.23399;2.25438
14.5419;-1.39413
14.2668;3.98928
-1.08796;0.805153
8.94345;-3.88449
1.72971;4.07336
-1.95001;-6.29944
1.50838;4.616
8.40609;-1.22178
10.2813;-4.91716
10.3601;-6.10494
9.34973;-5.35427
-0.794553;-1.49913
12.3499;-4.27248
-0.968822;0.0911095
6.13804;1.33608
3.01903;-0.954469
-0.743039;-3.12292
4.09797;-3.83647
13.72;-5.83465
5.26284;-4.296
14.591;-0.550132
0.76365;-3.88094
5.7118;3.19178
9.36097;-3.94887
14.6472;-1.56708
1.61143;1.16472
6.51441;-2.14478
-1.1756;-2.11448
7.30343;-4.03671
14.1808;-5.57906
13.1207;-3.17787
7.12144;-6.25868
7.48572;4.50129
1.54672;-0.618554
-2.73917;1.68388
9.65548;4.90535
1.1224;3.99
0.95126;1.69962
10.5889;3.9217
13.8273;1.9564
3.03333;-4.30306
4.23306;3.43328
7.25557;-0.713286
1.41204;-4.86508
9.91305;-4.20457
1.00047;0.549369
5.7927;2.52233
8.41151;-5.68323
10.3413;3.69553
7.48416;2.19026
7.76778;-3.21634
10.454;3.01317
0.558771;4.62003
6.72437;4.45544
12.7175;-1.03645
9.38375;-4.10364
8.99033;-5.46704
-1.70145;-3.78734
7.67428;-2.85157
3.8049;-2.93032
6.30344;0.403432
13.6211;-6.43857
3.92728;-0.0902673
-1.62543;-5.05062
4.99085;1.07641
12.8707;-6.01532
13.9984;0.735249
12.6488;-4.86627
7.73;-1.78936
-1.29521;-1.10299
12.9248;2.50101
9.1983;-0.165317
12.7053;2.12299
11.1611;-1.14635
-1.79255;-4.60508
10.9669;0.215293
10.7713;1.54238
7.60704;-4.77589
1.62069;1.15492
1.9672;1.55737
2.84034;-4.68687
10.3702;-3.4086
11.1627;0.539901
4.39587;-2.09635
-2.60785;-0.685693
12.3402;3.92473
2.18919;-0.405979
5.23213;-4.65071
2.03533;-3.69324
8.27416;-2.51156
4.35914;-1.87373
13.7537;-4.49998
-1.17082;-0.519546
2.82908;-2.37925
0.34232;0.397623
1.14742;-0.979704
2.89364;-0.396491
2.94741;-0.911456
2.0348;-1.62031
3.318;-1.12859
2.7386;-0.44114
1.85551;-0.0325452
1.77336;-0.400909
1.36134;-0.82183
1.10903;-0.458245
3.33977;-1.09509
1.4329;-0.266669
2.56592;-1.45043
1.96676;-0.0995896
2.58277;-0.855221
2.375;-0.615848
1.20634;-1.38509
2.23458;-0.276994
3.12932;-0.1845
1.12838;-0.442148
1.85864;-0.506422
2.39589;-0.628678
2.82629;-0.264598
2.21302;-0.249897
2.14197;-0.942365
2.61482;-1.21462
3.45318;-0.361819
1.64839;-0.784725
1.23468;-0.707875
2.39461;-0.546036
1.54613;-1.78432
2.04764;-1.39802
2.03824;-0.174224
1.40623;-1.46595
3.0516;-1.57231
1.11488;-1.67181
3.40158;-0.791388
3.12439;-0.617703
2.18002;-1.33008
2.4155;-0.142413
3.15945;-1.57574
1.80371;-0.309903
1.07805;-0.838312
2.13172;-1.74981
1.56727;-1.97894
3.13019;-1.10928
1.29593;-1.45773
2.86587;-0.932666
1.46005;-0.182319
3.00173;-1.99068
1.30671;-0.306719
1.42188;-1.83337
2.12737;-1.96298
2.93616;-0.154092
1.88368;-1.31867
3.12937;-1.5655
2.38198;-1.65353
1.15574;-0.831975
2.88519;-0.970033
2.77276;-0.0380321
2.31378;-0.877639
2.06586;-0.712234
3.08078;-1.65462
1.44387;-1.96733
1.20383;-0.0435192
1.05249;-1.59157
3.0622;-1.6205
1.71882;-1.44834
1.52064;-1.87602
1.49696;-0.876546
2.00664;-1.89894
2.94744;-0.0891038
1.55941;-0.317454
2.34865;-0.0443178
1.89064;-1.50287
3.39706;-0.236461
3.02437;-1.22966
2.31413;-0.715879
2.39465;-0.593596
2.64599;-0.721222
2.70361;-0.64122
3.10901;-0.987353
3.17285;-1.73774
2.95538;-1.84521
1.48281;-0.0381331
2.59781;-0.80844
1.07866;-1.1638
2.37807;-1.48955
1.64843;-1.81862
1.58267;-0.768744
1.84814;-1.61621
2.24349;-1.702
2.44265;-1.9539
2.97766;-1.73016
2.81563;-1.10108
2.93577;-1.18461
1.32212;-0.764178
3.28504;-0.00402818
2.87261;-0.607663
1.18845;-0.115666
2.69275;-0.570993
2.34487;-0.58287
1.3315;-1.82165
3.40948;-1.21605
1.44966;-1.60628
1.019;-0.961764
1.97188;-0.990003
2.6703;-0.0683723
2.32012;-1.08164
1.25183;-1.4914
3.2716;-0.249919
2.65498;-1.92503
2.23238;-0.847979
1.08868;-1.51601
1.68045;-1.77829
1.4604;-0.101439
3.0634;-0.555784
2.64461;-0.0840805
3.02821;-0.756724
1.87483;-0.017707
3.04625;-1.28493
2.27566;-1.5855
3.15633;-1.64323
1.43266;-1.21884
2.59392;-1.4524
2.6122;-0.907588
1.3721;-1.38625
2.45923;-0.716421
3.20721;-0.761667
3.20946;-1.68987
2.82505;-1.86411
1.26086;-0.889241
2.97513;-0.475621
2.28335;-0.797328
1.95957;-0.273456
2.48121;-1.59535
1.55201;-1.79451
2.02394;-1.83332
1.70283;-0.834715
2.1848;-0.162604
3.1411;-1.7624
2.16226;-1.98944
2.06418;-1.90281
2.61767;-1.38289
2.66941;-0.938297
2.15905;-1.20443
2.49699;-0.864076
3.38291;-1.2223
1.82538;-1.06699
3.47546;-0.572042
1.82444;-0.834663
3.29076;-0.898837
2.71354;-1.34824
2.5848;-0.0669047
3.27131;-1.78432
3.21311;-0.470072
1.56659;-1.2997
2.92561;-0.69538
1.99687;-1.16538
3.40217;-1.86698
3.37041;-1.15103
2.16074;-0.906082
3.48112;-1.16508
3.33952;-1.3548
3.20991;-0.148011
1.09144;-1.57252
2.27166;-0.0942357
2.9108;-1.61184
1.69691;-1.20352
1.40157;-1.62543
2.2652;-1.90826
3.38063;-0.534567
1.99005;-0.555011
1.96257;-0.410464
1.34951;-1.30821
3.1532;-1.82407
2.92595;-1.34885
2.58732;-0.474348
2.85759;-0.85853
1.21356;-0.746002
2.24182;-1.75599
3.10185;-1.98922
1.18721;-0.789881
1.49868;-1.2927
1.00825;-1.2798
2.35234;-0.981243
2.01493;-1.01362
1.60524;-0.396017
1.5392;-0.745755
2.4919;-1.28903
3.43254;-1.08392
2.10864;-0.513211
2.95903;-1.84324
2.26555;-0.946702
2.62279;-0.816709
1.38412;-1.70831
2.78412;-0.0112267
1.37809;-0.422933
2.49861;-1.29858
1.35546;-0.794509
2.77702;-0.633763
1.28031;-1.76645
1.44076;-1.29156
3.29692;-1.21602
3.45336;-0.968943
2.86869;-0.0912844
3.43392;-1.61814
2.74438;-0.485639
1.67327;-1.59205
1.70957;-0.163149
2.98905;-1.12504
1.16068;-0.981466
2.07966;-1.56898
1.7445;-1.93738
2.41554;-1.12003
2.58514;-1.44595
1.30775;-0.50764
1.9845;-1.40119
1.251;-1.37486
2.72849;-1.83652
3.07025;-1.12226
1.09025;-0.396669
2.5745;-0.532296
2.39711;-0.201785
3.34456;-0.314649
3.04383;-0.533114
1.70038;-0.236392
1.60677;-0.575965
1.24328;-0.918979
2.85832;-0.672941
3.45123;-1.24523
3.35138;-1.79281
1.30891;-1.33129
2.0075;-1.55207
2.61731;-1.81121
1.76426;-1.04995
2.33316;-1.31639
1.69172;-1.67387
1.18914;-0.328931
1.15543;-1.97304
2.69552;-0.240592
2.86731;-0.0832738
2.90377;-0.0207319
2.67595;-0.28236
2.32536;-1.17258
2.30587;-0.978725
2.97773;-1.07419
2.53558;-0.17069
2.99315;-1.96553
1.34655;-1.11163
1.27907;-1.11135
3.29802;-0.710213
2.96532;-1.60821
3.01989;-0.27643
1.07858;-0.259747
3.18817;-0.58072
2.87458;-0.755619
2.67001;-0.977324
2.52956;-1.32323
1.9254;-1.71606
2.88023;-0.214984
2.63152;-0.913634
1.88853;-1.46632
2.14459;-1.69466
1.71018;-0.807089
2.49214;-1.2086
1.10195;-0.967876
1.10148;-0.346186
2.77989;-0.302903
2.72173;-0.513225
2.79669;-0.872084
2.13257;-1.06299
1.46537;-1.75794
3.44961;-0.404054
2.14853;-1.3
3.34985;-1.57699
1.60627;-0.814904
2.88672;-0.804157
3.14847;-1.57495
2.87648;-1.71309
3.02245;-1.30511
2.34789;-0.300479
3.15877;-0.840502
2.69167;-0.849068
2.07074;-1.26928
1.79713;-1.70605
3.32329;-0.456239
2.5387;-1.76907
3.23228;-0.809355
3.2836;-1.29535
3.36331;-0.293239
2.40958;-1.62433
2.11482;-1.36296
2.96439;-1.38937
2.32761;-0.927303
2.12193;-1.31995
3.20949;-0.0241433
1.47446;-0.505391
2.41919;-0.267094
1.80693;-0.00804883
1.57953;-0.716752
1.35737;-1.67774
2.03376;-0.483144
1.69149;-1.38717
1.88438;-1.61993
2.64685;-1.40185
1.10854;-1.55486
2.21727;-1.02131
2.35272;-1.45467
2.98665;-1.85573
3.02254;-1.51314
2.0304;-0.61438
1.5784;-0.796111
2.10029;-0.401925
2.17099;-0.47423
2.98753;-0.599579
2.01127;-0.124076
3.15335;-0.363972
2.74097;-1.72413
1.31107;-1.89972
1.81993;-0.433659
1.87304;-1.25722
1.01435;-0.32775
3.15184;-0.906337
1.27198;-0.689212
2.54741;-0.16439
3.24706;-1.93775
2.52654;-1.73963
2.58267;-1.89854
3.32306;-1.79707
3.03404;-0.551526
3.00419;-1.56375
2.6555;-0.673967
1.09034;-1.28282
3.00238;-1.67886
2.02182;-1.74215
3.35935;-0.48411
2.25079;-0.101039
2.48517;-1.2779
2.24078;-0.594279
1.04111;-1.76945
2.55166;-0.169459
1.366;-1.53744
1.11364;-0.441064
1.70503;-0.0506398
3.20233;-1.80875
2.74729;-0.634781
1.78437;-1.27777
1.86406;-1.30022
2.79926;-1.70684
2.27614;-1.74313
1.68877;-1.09161
3.21595;-0.448355
2.00919;-1.0391
1.34218;-0.200028
1.45827;-1.69336
1.03816;-0.39205
1.17147;-1.67667
1.08814;-1.77191
3.35283;-1.36547
1.22181;-0.355872
2.03223;-0.424716
2.26168;-0.546716
1.37189;-0.299402
1.19132;-0.263075
3.4922;-0.82603
3.49224;-1.45523
1.10295;-0.233449
1.12052;-1.11029
1.90931;-1.62984
1.8621;-0.905933
1.846;-1.2798
1.87752;-1.18603
2.30441;-1.22747
2.30258;-1.07421
2.75883;-0.780486
1.7124;-1.76715
1.9935;-0.420736
3.10766;-0.907686
2.59983;-0.16081
2.03655;-0.726381
2.26645;-1.17697
3.27299;-0.904482
1.73698;-0.0851946
3.48153;-0.682968
1.35621;-1.3251
1.51387;-1.03824
2.74388;-0.886883
3.21967;-1.56136
3.35706;-1.1822
2.70553;-0.70729
1.04665;-0.0656557
2.90695;-1.16789
2.89201;-0.78831
3.40554;-1.20653
2.3136;-1.24633
1.08386;-1.93596
2.97087;-0.114521
2.44945;-1.83372
3.25036;-0.855218
2.85415;-1.91475
3.27461;-0.105584
2.30877;-0.785208
2.25942;-1.17724
3.06679;-1.10682
3.0507;-0.982144
1.23236;-0.322124
2.19025;-0.288552
1.63749;-1.53419
2.15392;-1.56558
2.5741;-0.0259817
2.48511;-0.673632
1.04757;-1.23521
2.51481;-0.802383
2.16384;-0.987868
1.428;-1.58561
2.37173;-1.83792
1.386;-1.8556
2.7211;-0.683664
2.20895;-0.969695
1.26189;-1.39228
1.0602;-1.60459
1.35699;-0.999639
1.13357;-1.20442
2.83271;-0.970008
2.5375;-1.27455
2.25501;-1.58191
1.06477;-0.957931
2.47859;-0.736337
1.29961;-1.88606
1.34474;-1.41792
1.66041;-0.62682
1.93021;-1.16287
2.89698;-1.87896
1.19184;-1.51526
2.43919;-1.63702
2.36557;-0.800489
1.94799;-0.621954
1.24984;-1.13476
1.21703;-0.33396
3.36905;-0.596371
1.48936;-1.10075
3.27715;-1.5567
3.42665;-0.99541
3.13371;-1.819
2.39817;-0.0172387
1.95386;-0.353135
2.69493;-0.492746
1.605;-1.12648
3.03537;-1.36253
2.69783;-1.22035
2.25056;-1.54929
3.47395;-0.241161
3.28595;-1.82097
1.7801;-1.99761
3.30634;-1.48068
2.75752;-1.76344
2.77321;-0.772267
1.84983;-0.640118
1.2904;-1.61317
2.9261;-0.649142
1.46199;-1.69603
2.24715;-0.27447
3.26403;-0.51828
1.74882;-0.560477
1.14898;-0.0426875
1.27396;-0.880366
1.51003;-1.80167
2.09809;-1.76321
1.4717;-0.497444
1.29897;-1.77757
1.02734;-0.354809
1.57374;-0.55956
2.09116;-0.861146
2.0004;-0.894752
2.9071;-1.65879
1.57013;-0.104729
1.80647;-0.546171
3.026;-1.5436
2.16944;-1.78015
3.3699;-0.945266
1.22146;-1.88491
1.21796;-1.41481
1.39178;-0.947159
2.02747;-1.30921
1.69425;-0.938847
2.14152;-1.42273
1.88293;-0.627789
1.02214;-0.420732
1.63883;-1.18197
1.85565;-1.96325
2.44905;-0.859377
3.41502;-0.195585
1.74306;-0.44718
1.32602;-0.47
3.21584;-1.84326
1.73092;-0.0501597
1.33979;-1.2409
1.66879;-1.41475
3.26493;-0.642987
2.59505;-1.63266
1.52271;-1.81074
2.18076;-0.87549
2.95184;-1.03768
1.87972;-1.92746
3.22544;-0.611705
1.13661;-1.06041
1.66115;-1.9587
1.93001;-0.876631
2.99265;-0.995176
1.81671;-0.633203
2.45195;-0.761897
2.6458;-0.566609
3.49651;-0.14833
1.02331;-0.190853
2.51085;-0.705313
1.22061;-0.373151
2.85493;-0.878906
1.9392;-0.95458
1.10427;-0.544862
2.39745;-0.136231
2.05429;-0.772758
2.0042;-0.62765
2.58568;-0.452627
1.61965;-1.13733
1.69025;-0.850912
1.28683;-0.286243
1.48399;-0.453899
2.43394;-1.6156
2.74721;-0.834205
1.24193;-1.39355
1.5756;-1.62997
1.29163;-0.0555702
2.8639;-1.01534
2.23731;-0.425464
1.54975;-1.89219
2.79788;-0.716768
2.66881;-1.75833
1.81948;-1.39641
3.2363;-0.848698
2.83283;-1.65876
1.37549;-0.304276
1.06874;-1.31242
2.55228;-0.797856
2.33997;-1.3604
1.45992;-0.734482
2.55756;-1.17158
3.04443;-0.520647
1.96606;-0.873333
1.58002;-0.2373
1.8765;-1.09619
3.33813;-1.86049
1.23381;-0.794444
1.47647;-1.15737
3.26144;-1.82978
3.49241;-0.72459
1.63932;-1.70568
2.21392;-1.43355
2.22738;-1.78704
3.21075;-1.94612
2.06569;-1.86346
2.64925;-1.90139
2.2062;-1.04506
2.97245;-0.262191
1.10201;-1.95803
2.87564;-1.21719
2.18224;-0.628983
2.1529;-0.867165
1.72072;-0.696501
3.46933;-1.61428
2.84215;-0.0306051
3.07641;-0.0148226
1.32964;-1.36773
1.68954;-0.754383
2.05653;-1.67977
2.62437;-0.30222
1.57096;-1.38111
3.24548;-0.578274
2.96729;-0.625656
2.44942;-0.344558
2.7704;-1.33996
1.54782;-1.63789
1.03883;-0.639425
2.86868;-1.39237
1.83009;-0.529595
2.24169;-1.86221
2.79975;-1.34551
1.15371;-0.296485
2.60844;-1.3254
2.18642;-1.86802
2.24354;-1.75137
3.2872;-0.5484
2.0844;-0.373858
2.09166;-1.55865
2.25061;-1.96714
1.12099;-1.5832
1.86613;-1.46495
1.97364;-1.27603
3.36953;-1.72615
2.6645;-1.4403
3.18032;-1.67504
1.87186;-0.815945
2.22431;-1.17954
2.10946;-1.7338
2.86883;-0.163297
1.49772;-1.5101
1.10666;-1.77207
3.42687;-1.04715
3.31759;-1.18518
2.74276;-1.14544
2.05961;-0.509
2.5892;-0.459408
1.03256;-1.94973
1.3307;-0.0783256
1.40515;-0.403838
1.60172;-1.93162
3.4014;-0.821135
2.56554;-1.09943
3.49916;-1.86
2.45845;-0.505608
3.47088;-0.435062
3.48036;-1.93796
3.24108;-0.074213
2.26861;-0.35306
1.92576;-1.59091
1.62687;-0.411704
3.37512;-0.22714
2.41111;-0.0738563
3.27892;-0.606553
3.30977;-1.85274
2.23701;-1.67081
1.26954;-1.08927
2.88507;-0.531934
3.26412;-0.492616
3.01009;-1.02194
2.25222;-0.415224
1.67875;-1.01393
3.05852;-1.66413
2.13982;-1.3383
3.47851;-0.347536
2.33849;-1.5157
2.55095;-1.02911
1.32145;-1.63035
2.12129;-1.9197
3.20387;-1.25515
1.28444;-1.2473
2.34255;-1.55682
3.07929;-1.4179
3.38906;-0.525269
1.11185;-0.480679
1.56599;-0.908742
2.38012;-1.00421
1.09666;-1.24909
2.66457;-1.01082
2.76576;-0.685541
1.80205;-1.51659
3.24845;-0.1176
2.81787;-1.94407
1.31506;-1.64867
1.17028;-1.98486
2.37022;-1.63623
1.95981;-1.82978
2.0087;-1.56872
1.9404;-1.28179
3.38251;-1.1582
1.29691;-1.6412
3.41633;-0.658373
2.69324;-1.98961
1.11567;-1.31376
2.24945;-0.494853
1.00088;-0.358797
3.48569;-0.200537
2.9045;-0.557151
3.31924;-0.22435
3.24272;-0.00838885
3.23849;-1.10964
1.44423;-1.44136
2.32572;-0.837657
2.23739;-0.1871
3.35069;-1.10407
1.81838;-1.88192
2.56841;-1.41224
2.82464;-1.39068
1.74769;-0.447754
2.61945;-0.402289
2.32174;-0.703741
2.54864;-0.954053
2.36965;-1.23748
1.61099;-1.04889
1.67271;-1.71703
2.1784;-1.67104
2.46666;-0.701892
2.10949;-1.76609
1.57556;-0.122489
1.05851;-1.659
1.9668;-1.29849
1.57386;-1.97184
2.6116;-0.0812014
1.79685;-0.112573
2.83881;-0.0669635
2.85642;-1.47156
2.53662;-1.27595
2.96798;-1.67498
2.85821;-1.93682
2.59516;-1.97526
1.43269;-1.78115
1.44212;-0.480515
2.8962;-0.758709
3.19175;-0.0225879
2.3985;-0.199792
1.39802;-0.107762
1.62715;-1.2225
3.4005;-0.209
1.87038;-1.44212
3.09803;-1.83265
1.61364;-0.836435
1.86973;-0.279788
3.35952;-1.72983
1.05654;-0.625813
1.41669;-0.678639
2.74866;-1.3205
2.92527;-0.247379
1.24874;-0.942825
2.24239;-0.0476145
2.29323;-1.88729
3.19074;-0.646997
1.00619;-1.74569
1.16314;-0.0746467
1.05664;-1.17319
1.60404;-0.276259
2.2427;-1.02585
2.10913;-0.310054
1.86795;-1.22508
3.45015;-1.26041
1.18639;-1.70653
1.07619;-0.451965
2.21621;-0.398835
2.62582;-0.82804
1.82292;-1.70543
2.40543;-0.307074
1.5091;-1.12306
2.30741;-1.58776
2.41407;-0.823562
1.42199;-0.823432
1.00406;-1.17918
2.12539;-1.00259
3.24371;-0.212386
1.8592;-1.51067
1.70317;-1.35253
2.53615;-1.28835
2.17617;-0.710128
1.3246;-0.0860898
2.1138;-0.439662
2.35734;-0.450623
3.31863;-1.78978
2.55288;-1.73781
2.35894;-1.71177
1.84303;-1.78159
2.83084;-0.987987
2.74372;-0.532079
3.29104;-1.70471
1.58166;-0.372197
1.10362;-0.847312
1.14642;-1.35456
3.2502;-0.653945
2.69635;-1.2589
1.79491;-0.383236
1.81876;-0.473036
2.47138;-0.25912
2.34543;-0.967992
3.43887;-1.68136
2.61775;-0.961749
1.7586;-0.0313786
2.57083;-1.92845
2.22579;-1.34836
2.92434;-1.18653
2.18365;-1.9952
1.55159;-0.970178
2.44686;-1.4416
3.09407;-1.04235
3.38057;-0.967659
3.12344;-1.45961
1.81138;-1.64624
1.08419;-0.173793
1.1183;-0.856309
2.07277;-1.95427
2.82792;-1.84759
2.35498;-1.93079
1.15129;-1.65935
1.17595;-0.898332
2.24035;-0.319768
3.39392;-0.0607951
3.10629;-1.64359
2.21128;-1.15748
2.14351;-1.35572
3.25022;-1.18073
3.09578;-0.501079
2.69957;-1.67427
3.31585;-0.572994
1.18992;-0.0526834
1.71337;-0.989848
3.49131;-1.96697
2.45321;-0.922964
1.12781;-0.716402
2.7721;-1.75699
1.48158;-1.59004
3.40405;-1.6996
1.43646;-0.391728
1.82101;-0.681805
1.56349;-0.428382
3.4531;-1.74903
1.48861;-0.360895
3.18736;-0.249456
3.45604;-0.397432
2.47194;-1.88323
2.93736;-0.251753
2.40865;-0.457065
3.2266;-1.71051
1.77496;-0.116476
2.96636;-1.96235
1.15816;-0.0416488
1.55952;-1.95023
1.32344;-1.20322
3.07255;-1.08444
1.14372;-1.89117
1.60897;-1.92254
1.44975;-1.12194
3.1457;-1.89031
1.78576;-0.318602
3.14032;-0.193841
3.24771;-0.737856
2.94301;-1.07491
2.00635;-0.664314
2.51823;-0.57495
2.52401;-1.21233
2.82838;-0.654261
1.93252;-0.0896826
2.74438;-0.99523
1.88388;-0.946455
3.40041;-1.17792
2.45297;-1.59249
2.12442;-0.477819
2.60696;-1.3839
3.03984;-0.0858219
1.37187;-0.655869
3.15042;-1.90433
1.75784;-0.725256
2.27595;-0.588645
1.76304;-1.76466
2.04551;-0.17036
2.27876;-1.70089
2.46922;-0.23097
1.26178;-1.42911
1.96725;-1.08347
3.03054;-1.30587
3.17326;-1.21319
2.37704;-1.36186
1.38624;-1.6128
2.5678;-0.059137
1.37673;-0.448258
2.60624;-1.97828
3.05926;-0.10873
2.62058;-1.33183
2.62828;-0.0931076
2.12939;-1.86097
3.17067;-0.0734739
1.54767;-1.08809
3.11944;-1.35244
2.8535;-1.53064
2.95511;-0.892773
2.45436;-0.697305
3.36755;-1.73488
3.42605;-1.79697
1.8154;-0.804918
1.17986;-1.0463
1.93353;-0.571114
2.21928;-1.60577
2.6502;-1.72812
2.32801;-1.37722
1.22347;-0.0340792
1.95227;-0.0846925
3.36556;-0.800049
2.03402;-0.411998
3.30939;-1.68998
1.0717;-0.588395
2.77155;-0.779158
1.89288;-0.68872
2.85745;-1.34486
2.89289;-1.86172
3.31278;-0.3418
2.36498;-1.40296
2.35886;-1.9326
2.2391;-1.59276
1.42411;-1.94632
2.28753;-1.48194
1.02451;-0.208164
1.54171;-0.0879491
2.23973;-0.739412
2.87507;-1.1607
2.96325;-0.442589
1.31363;-1.01215
1.97282;-1.03479
1.37391;-1.73579
3.02543;-0.186564
1.50312;-0.529435
2.83955;-0.505523
1.08451;-1.44128
2.95235;-0.941113
2.20746;-0.098833
2.39071;-0.00401178
1.52404;-0.867826
3.23478;-1.1474
2.30528;-1.22039
1.14148;-1.45572
3.02364;-0.316211
1.12711;-0.130182
1.83954;-1.12006
2.04378;-1.02924
2.4302;-1.54463
1.98025;-0.453349
3.40742;-1.74417
2.30141;-0.00645729
2.0182;-1.39699
2.31554;-0.219478
1.63022;-1.835
3.22064;-1.0766
2.62147;-0.435666
3.22;-1.6586
1.42993;-0.110812
2.1071;-0.0371433
2.96622;-1.01263
3.29084;-1.75539
3.33414;-1.3323
2.51922;-0.988533
2.40384;-0.000426081
1.69765;-0.950998
1.31926;-0.400754
2.30318;-0.930035
1.25282;-1.90503
2.06311;-1.29357
1.32497;-1.373
3.0373;-0.442853
1.23916;-0.594161
3.37318;-1.46473
2.61878;-1.21578
1.62266;-1.132
3.21449;-1.66919
2.39077;-0.361101
2.24813;-1.67201
1.81296;-1.87843
1.40946;-0.791517
2.46322;-1.41702
2.00966;-1.78688
3.06618;-0.990015
1.38512;-1.49657
3.14552;-1.43193
2.41303;-0.653747
1.15652;-0.678245
1.94012;-1.97624
3.32129;-1.95288
2.00998;-1.64484
2.1439;-1.42043
1.85746;-1.97226
1.27309;-0.315527
1.44467;-1.13116
3.25756;-1.3167
1.09665;-1.02338
2.58285;-1.11495
2.48718;-1.08078
3.36879;-0.502161
2.77831;-0.388549
1.08238;-1.44693
2.19713;-1.80888
3.34353;-0.290203
1.2686;-0.268147
3.19615;-0.977134
1.10877;-1.32796
3.00305;-1.22702
1.87473;-0.179093
1.57182;-0.944484
1.86218;-1.7365
3.17352;-1.23294
2.55016;-0.994906
3.06514;-1.57013
3.40539;-0.452856
3.40964;-0.653044
2.44824;-0.00638284
3.37503;-1.8837
1.23093;-0.22515
3.28262;-1.60038
2.88338;-0.416988
2.77811;-0.406283
1.31881;-0.975074
1.45837;-1.04517
2.05729;-1.17585
1.01294;-0.464425
2.35957;-0.250834
1.3783;-1.67222
1.94282;-0.0452539
1.94707;-1.32143
2.87736;-1.31464
1.03191;-1.33952
1.84873;-0.0744466
1.97098;-1.13628
3.1255;-1.39712
2.57918;-0.792894
1.23236;-1.31417
2.00103;-1.55906
3.13845;-0.832478
2.74472;-1.44341
3.4896;-0.593876
1.11521;-0.920666
2.44411;-1.6052
2.7589;-0.0904506
1.43694;-1.83523
1.73515;-0.148561
2.06267;-1.38635
1.6399;-0.470885
1.674;-0.711292
1.49104;-1.7604
3.36448;-0.343821
2.80839;-1.92252
1.42751;-1.75247
1.64802;-1.94723
2.76882;-0.085805
1.7617;-0.593268
2.6504;-1.29847
1.60758;-1.52439
2.37042;-0.106816
1.48145;-0.554117
1.07244;-1.02672
2.62165;-1.09191
2.98366;-0.190753
1.5465;-1.87387
2.37244;-1.16996
1.45717;-1.01046
1.60777;-0.187556
2.33377;-1.17177
1.07497;-0.414562
2.10125;-0.524967
2.87454;-0.509638
2.10221;-1.18005
1.23986;-0.632168
2.61945;-0.711774
2.57627;-0.319281
1.91764;-0.68103
1.8175;-1.96857
1.28382;-1.75908
3.30085;-1.33574
1.45882;-1.06137
2.86787;-1.26721
3.41022;-0.0194834
1.68154;-1.00481
2.01093;-1.39479
1.72579;-0.310256
1.1003;-1.91974
2.47513;-1.038
2.12527;-0.628002
1.4123;-1.80422
1.82528;-0.409148
3.34562;-0.605667
2.13728;-1.46951
2.78221;-0.863119
1.96427;-0.733557
3.25143;-0.861531
1.25635;-0.704558
3.33907;-1.86675
2.59495;-1.58352
2.41055;-1.9153
2.27711;-0.290926
3.21806;-0.898071
3.23667;-1.04545
1.07992;-1.31044
1.40819;-1.60623
2.10667;-1.01322
3.48078;-1.23817
1.47639;-1.10556
2.6154;-0.193128
1.03916;-1.93626
2.34164;-0.167533
2.50276;-0.721608
2.40989;-0.926538
2.76455;-1.59613
2.86243;-1.45992
1.61072;-1.48836
1.31145;-1.73698
3.01696;-1.9615
2.52197;-0.322502
1.91007;-0.455874
1.08909;-0.386615
1.66363;-1.94411
1.46902;-1.08799
2.18792;-0.332465
1.8986;-1.01834
3.16409;-0.207803
2.01766;-1.06652
2.33824;-0.0579621
1.00868;-1.51777
1.43238;-0.503112
2.27789;-1.16552
1.01065;-0.728525
2.37187;-0.377913
2.63747;-1.68493
2.62448;-1.96197
3.324;-0.629146
3.06426;-1.6099
2.78343;-1.97338
2.62764;-1.62292
3.1177;-1.97901
2.69843;-0.574566
3.26648;-1.82713
1.44864;-1.11622
1.14363;-1.63414
2.70751;-1.53919
3.32843;-1.61168
2.61912;-0.128733
3.07475;-1.60721
2.86669;-1.03023
1.88483;-1.20706
2.25974;-1.43294
1.20474;-1.34079
2.19645;-0.409462
1.85729;-1.74073
3.45952;-1.62001
1.35032;-0.673639
3.25678;-1.90655
2.87404;-1.83566
2.22153;-0.385862
1.66274;-1.65677
1.09369;-1.60706
1.91444;-0.629756
1.33026;-1.60865
3.20379;-0.242438
2.7014;-1.5291
1.68813;-1.63108
2.29745;-1.28571
2.28515;-0.00488341
1.38104;-0.286046
1.31798;-1.72755
1.11743;-1.46536
2.99851;-0.100632
1.78511;-0.901957
1.07963;-0.394688
1.89023;-1.4061
3.43568;-1.21287
2.23355;-1.3199
1.19672;-0.748952
2.33931;-0.0795878
2.26076;-1.56743
1.48914;-0.440889
2.00186;-0.570734
1.34176;-0.170392
2.78048;-1.42176
2.92945;-0.321233
2.06336;-0.362494
1.26676;-1.5505
2.92109;-1.1585
2.93443;-0.39942
1.55851;-1.74028
1.2431;-1.60465
2.30857;-0.818677
2.34431;-0.795765
1.54046;-1.8531
2.40581;-0.559019
1.72433;-0.484043
2.25012;-0.619051
2.18153;-0.726502
2.5132;-1.63039
3.31467;-1.24588
1.06047;-1.29758
1.48953;-1.73822
2.43991;-0.071501
2.3791;-1.30053
2.91135;-0.449905
2.19899;-0.276439
3.43181;-1.99395
2.13111;-0.979102
2.51286;-0.662745
2.45974;-1.66506
1.9728;-0.252743
3.31362;-0.221671
2.41026;-1.20388
2.31478;-1.66124
2.45715;-1.09644
2.3661;-0.785905
3.00748;-0.515493
2.84485;-1.24209
2.76626;-1.42084
2.82173;-1.05791
1.16157;-1.58342
1.83206;-1.92529
1.52829;-0.42947
2.36951;-0.367084
2.13473;-1.7366
3.45981;-0.313978
1.01332;-0.181256
2.83044;-0.861139
1.76857;-1.48382
2.84703;-0.219419
2.77468;-1.42949
6.99468;0.538591
6.05501;-0.294168
7.78364;1.20203
7.04972;0.861534
6.4101;0.768463
7.6576;0.613625
7.25368;-0.879658
6.64628;-0.476069
7.71314;1.3311
6.61269;1.52149
7.24009;-0.0649876
7.49974;0.0566599
7.7622;-0.828101
7.22062;0.85974
7.89518;-0.039462
7.81033;0.334784
7.66609;1.79802
7.36041;1.17459
7.33336;-0.384809
6.69075;1.6152
7.5891;-0.477479
6.81922;0.264178
6.42858;1.19825
7.19207;-0.787421
7.01956;1.70714
7.82272;-0.610522
6.4281;0.983683
6.96409;-0.714545
7.43705;-0.722935
7.43013;0.998352
6.82507;0.860693
6.22209;-0.263268
7.10581;1.37375
7.94088;-0.341244
7.99263;-0.0525566
6.18264;1.3726
6.97998;0.502782
6.42452;1.11283
6.46735;1.42488
7.55027;1.23037
7.42135;1.05948
7.74657;1.77417
6.69544;0.0659882
6.03975;-0.801258
6.89537;1.20482
7.46473;1.58066
6.71034;1.53023
6.21159;1.72423
7.26932;-0.771292
6.25532;0.892922
6.7841;-0.343062
6.84368;1.64612
7.43981;0.902292
7.17263;1.86075
6.88478;0.0843488
7.39408;-0.540804
6.09588;0.710971
6.15558;0.186988
7.85131;-0.707004
6.92382;0.120013
7.66521;-0.417175
6.46711;-0.436667
6.07537;0.018056
6.19171;1.01703
6.83118;-0.32946
6.60664;1.42292
6.88499;1.17547
7.37935;-0.512803
6.71851;-0.172025
6.23196;1.40494
7.27488;1.43907
7.90942;1.05615
6.76669;-0.902495
6.16209;-0.0730033
6.26033;0.62887
7.36467;1.88832
7.47446;1.74768
6.3011;1.32475
6.51049;-0.260789
6.89452;1.0125
6.93983;1.25174
6.95694;1.73723
6.95148;-0.495553
6.14962;1.50498
6.88828;-0.427629
7.27328;-0.755254
6.00762;0.774059
7.53393;0.161473
7.24771;1.54404
7.39231;1.26206
6.78194;0.135479
7.43359;-0.615398
6.58877;1.60204
7.80623;0.648891
6.2275;0.0511338
6.44093;0.750998
6.20192;1.0968
6.99215;0.730089
7.73417;0.712653
6.82338;-0.066327
7.52335;-0.855008
6.78561;1.29646
7.27937;-0.520683
6.30529;-0.209386
6.01557;1.5464
6.03512;0.196261
6.45459;1.20306
7.05391;0.56504
7.2034;0.290213
6.14262;1.14634
7.5609;-0.124679
6.59823;1.64422
7.98142;1.38557
6.91621;1.57338
6.73215;1.60938
6.33803;-0.616755
7.83625;0.685468
7.78647;0.673423
7.44319;-0.862362
7.64269;1.18814
7.78936;1.51672
6.25627;-0.634076
7.14652;0.965264
7.28731;-0.475122
6.17032;1.14489
7.78082;1.59682
6.01348;-0.431434
7.49403;1.99234
7.96942;-0.384645
7.71048;0.0523568
6.14982;-0.927237
6.95707;1.97911
7.17215;0.115307
7.10169;-0.0769843
6.8353;0.116569
6.0741;-0.0630133
6.42219;-0.504444
6.86861;1.35307
7.64055;-0.766127
7.91863;1.7163
7.58585;1.54917
7.54208;1.39898
6.07849;0.554165
7.59421;-0.928134
7.44635;0.957036
6.74948;1.39426
7.3532;1.55983
7.58224;-0.21197
6.45009;0.0258947
7.1407;0.928078
7.42831;0.822201
7.91004;1.77575
7.54517;0.167975
7.41921;0.778576
6.93457;1.00676
6.99658;-0.219384
7.03728;-0.192008
6.11973;0.673655
7.57477;1.57092
7.16368;0.531677
7.01864;1.86974
6.61729;-0.442243
7.61971;-0.700704
6.89719;-0.895297
6.88346;-0.943167
7.35519;-0.532346
7.25269;0.897846
6.16227;0.196791
6.04388;1.37222
7.98358;0.467669
6.91932;0.470239
7.49886;1.9349
7.51882;1.42788
7.07237;0.640388
7.33254;-0.645924
6.11471;-0.473238
6.14921;0.0979976
6.72301;1.65339
6.93153;1.43031
7.83873;1.72248
7.65809;0.790874
6.12676;0.366173
6.45915;-0.566458
7.70864;-0.24546
7.87051;1.53833
7.48147;0.184736
6.67238;0.470495
6.74642;-0.7132
6.59892;1.72819
7.28479;1.89718
6.05484;1.09925
6.28263;-0.693915
6.1315;0.508466
7.97298;0.594545
6.62585;1.71757
6.87802;-0.57409
7.00563;0.507168
7.19472;1.19716
7.29381;0.355047
7.9678;0.74647
6.59558;1.17391
7.95414;0.901946
6.4296;0.0508404
7.45916;0.542786
6.51935;0.115935
6.95998;-0.138706
6.14346;0.863917
6.77825;-0.587561
6.24826;0.126855
7.33799;0.311155
6.56295;-0.675987
7.15804;1.35287
7.22079;-0.470852
7.03335;-0.228109
7.25613;0.501728
7.67891;1.77757
6.45043;1.44957
7.11968;0.320044
6.3336;-0.131735
7.90855;0.279437
7.3228;0.3028
7.42715;1.19939
6.11115;-0.69189
7.74122;-0.460899
6.95664;0.618812
7.2335;1.27939
7.29522;-0.412679
7.08817;-0.225994
6.74431;-0.817719
7.0306;-0.999336
7.12267;0.0642579
7.85216;1.35965
6.34255;0.457754
6.45313;0.0142319
7.55068;-0.457478
7.52911;0.310218
7.23021;0.434399
6.33974;1.01204
7.16167;-0.878566
7.70076;-0.822525
7.16016;0.401397
7.63791;-0.316929
7.32581;0.0891171
6.97138;-0.894813
6.8476;-0.997027
6.07057;1.95541
6.71149;1.88409
7.54337;0.581056
6.89456;1.99474
7.73019;-0.332139
6.35818;0.888956
7.31872;1.38259
6.21557;1.48769
6.92975;1.06586
7.73941;-0.0542314
7.49556;0.349366
7.56478;0.700203
7.35496;0.335883
7.85955;-0.510487
6.96071;0.0607175
6.32832;0.546923
6.67742;0.559717
6.95401;-0.668823
6.09385;1.77285
6.21728;1.73606
6.29381;-0.136812
7.08334;1.41879
6.16385;0.948371
7.27099;0.640404
6.67616;0.515598
7.72412;-0.742424
7.90998;0.933338
7.30519;0.8974
6.17948;0.747098
7.59127;0.710293
7.87188;1.8794
6.17148;-0.176061
6.95941;0.688226
6.77008;0.579886
6.97405;0.481038
6.8773;0.901791
7.56282;1.94096
6.88039;1.59
7.25956;-0.77294
6.82027;1.90357
7.16177;-0.18342
6.10743;0.607621
7.83328;1.11892
6.33668;-0.98086
6.57735;1.89193
7.15296;-0.326163
7.84755;0.986648
6.99852;0.210444
6.44992;1.65289
7.86022;1.13595
6.75595;0.106277
6.69183;-0.521842
6.69816;1.35832
6.04544;1.93657
7.72359;0.298568
7.89343;0.328042
7.4101;-0.998714
7.95711;0.865066
7.41347;-0.559316
7.25614;1.98623
6.22174;-0.386361
6.44005;-0.896053
7.73352;1.15784
6.87626;-0.72484
7.20716;0.104722
7.60741;1.94467
7.474;-0.551147
6.28188;-0.741763
7.87145;-0.509012
6.12987;1.39256
7.19304;-0.96505
6.4804;-0.0952961
6.02416;-0.343732
7.84651;1.15645
6.7313;0.653977
7.42845;0.429568
7.51174;1.80274
7.02234;0.867903
7.30706;1.84791
7.42871;-0.228673
6.63508;0.554175
6.47733;-0.836374
7.33535;0.138824
6.28124;0.810206
7.08654;-0.383328
6.80185;-0.580631
6.43441;0.923373
6.88272;-0.312142
7.71976;0.0938428
7.8962;-0.323408
7.83188;0.98698
7.40411;1.01544
7.19315;-0.360325
6.58889;-0.249686
6.32505;-0.973599
7.01443;0.440208
7.05372;1.23764
7.06922;-0.416397
6.25098;1.0257
7.59587;1.00628
7.76158;-0.403422
7.6171;-0.706009
7.67997;-0.250283
6.65457;1.09959
7.22904;-0.173847
7.85079;0.591379
7.87542;0.882344
6.40454;0.602857
7.68135;0.490152
7.56878;-0.9904
7.01103;-0.125188
6.96654;-0.902872
6.07497;-0.946359
6.45382;-0.511087
7.38622;-0.925459
7.66346;0.721705
6.44741;0.920833
7.3438;-0.808931
7.78037;1.99755
7.52711;0.514109
6.54913;1.06684
6.07032;-0.363169
6.63279;-0.287699
7.49313;-0.528792
7.4683;0.59286
6.32054;-0.280995
7.64511;0.930615
6.54409;1.58012
7.32284;0.496864
6.04602;0.0635925
7.0476;1.56422
7.85687;1.24252
6.99004;0.800994
7.6224;0.155606
7.19903;0.724253
7.77981;1.62224
6.5274;1.7752
6.17271;0.740287
6.325;1.49876
7.47433;1.68996
6.72775;1.6923
6.27264;-0.440709
7.08195;0.225095
6.09294;-0.392826
7.81464;-0.791551
7.11384;0.293364
7.84845;0.456064
6.35726;0.257731
6.17137;1.96948
7.60889;1.0556
7.12916;1.08305
7.11856;1.48483
7.23884;0.936906
6.81675;1.34576
6.95711;-0.563386
7.35714;1.52728
6.08594;1.44467
6.05772;0.751836
6.44651;-0.774014
7.57267;-0.608272
6.28962;0.0297761
7.12339;-0.79289
7.65723;1.22098
6.97656;1.7429
7.46031;-0.121822
7.199;-0.115808
7.97415;-0.523667
6.24602;0.819483
7.60883;0.594141
6.77683;-0.151098
7.35384;-0.799046
6.25079;1.15967
7.76375;-0.537242
6.60767;-0.684602
6.45916;-0.729483
6.47142;0.12318
6.86686;1.39222
6.88686;-0.213866
7.07546;1.79513
6.35269;-0.196346
6.44887;1.32753
7.12523;-0.365462
7.86924;1.05687
7.63601;1.2171
6.43401;-0.380738
6.044;1.68176
6.54681;-0.557812
7.22762;-0.534156
6.6033;1.75294
6.52083;0.59369
6.01564;0.488367
7.81125;0.323754
6.58706;0.0471597
7.40659;1.49378
6.56153;1.63892
6.19829;0.515599
7.31097;0.985281
7.43342;0.770312
6.69477;0.604159
6.65828;0.693159
7.48228;0.053417
6.91662;-0.956362
6.99707;-0.78364
6.33965;1.40055
7.97954;0.290724
6.66283;1.99276
7.85273;-0.288888
6.87768;-0.340324
7.17218;-0.573595
6.1023;1.60056
6.04355;-0.549109
6.74411;1.03177
7.62411;-0.733702
6.53472;-0.521679
7.24697;0.7895
7.44765;0.0938785
7.89528;-0.453596
6.75834;0.338522
6.50851;0.646998
6.49272;-0.267933
7.95848;0.733315
6.48322;1.71681
7.62962;1.04135
6.25099;0.202698
7.64517;-0.470055
6.53551;1.53308
6.65389;0.91942
7.04324;-0.582993
7.45715;1.36694
6.59689;0.056175
6.77096;-0.933191
7.43337;-0.000640952
6.40881;-0.712431
7.55859;0.375977
7.28971;-0.923045
7.40536;0.872289
7.20685;1.83288
7.0594;0.254698
7.24948;0.965591
7.63826;0.341981
7.66369;-0.739344
6.58337;-0.523629
7.45338;1.43992
6.59559;0.365794
7.20457;0.788707
7.61465;1.9633
7.23701;0.572022
6.64177;1.46873
7.23973;-0.69946
6.56314;-0.205841
6.25166;1.95275
7.77763;1.18777
7.85708;0.25555
6.29498;0.659852
6.14743;1.89986
6.00122;1.71668
6.10701;-0.123106
6.1287;1.34059
6.21121;0.0864256
6.47092;1.12367
7.91675;-0.871644
7.39131;0.730648
7.13359;-0.950374
6.79959;-0.44003
6.23344;1.04408
6.90275;-0.272338
7.33122;0.0205779
7.94362;0.782461
7.51742;-0.642106
6.29488;1.49727
6.17184;-0.555854
7.47596;-0.581729
6.88069;1.40699
7.83924;0.637849
6.32895;-0.53475
6.50768;-0.631449
6.39574;1.84848
7.39947;1.29398
7.93207;-0.701423
7.90264;-0.751723
7.56177;0.208083
6.65063;0.339495
7.48577;-0.108632
6.0813;0.50479
6.83284;-0.435731
6.66804;0.507016
6.67228;-0.783995
7.28352;1.32945
7.74867;0.684151
6.64487;-0.883583
7.43293;0.72882
6.32331;1.74301
7.05154;1.58417
7.35799;0.475415
7.92183;0.890944
7.14913;1.22541
6.06602;1.69963
6.3766;1.32769
6.394;-0.313143
6.55499;0.840261
6.83408;0.834538
6.23152;1.25954
7.36703;1.27257
7.05933;0.673541
6.63781;1.5563
7.19331;-0.893883
6.85675;1.27493
7.89942;1.86242
7.2394;0.886114
6.89189;0.74184
6.51804;-0.938472
6.64483;-0.123914
7.84077;0.532147
6.13585;-0.647842
7.47934;0.0362532
7.46161;-0.52987
7.91386;1.5397
7.81978;0.921333
7.20817;0.318664
6.39658;1.76898
6.58331;1.38483
7.91673;1.16008
7.10651;1.72422
7.34833;-0.481147
7.07355;-0.639663
7.50713;1.38739
6.28124;-0.772062
6.17565;-0.816977
7.17339;-0.532751
6.35679;-0.0209111
7.00233;1.7276
6.96615;0.374293
7.51153;0.178889
6.19708;0.0795575
7.66504;-0.109499
6.56569;-0.627485
6.18356;-0.276371
7.6884;0.935091
6.29856;0.555095
7.63596;1.05818
7.27695;0.714636
6.96371;1.3373
7.29505;0.709039
7.68021;-0.297341
7.45086;-0.944499
7.12117;-0.320211
7.8554;-0.869033
7.36939;1.0504
6.87324;1.34971
6.08664;-0.192592
6.16014;-0.0215107
6.78662;-0.484458
7.13475;-0.287483
7.63376;1.14996
7.51174;0.904577
6.80543;0.183043
6.41281;1.6537
6.34689;1.56179
6.9085;-0.959339
6.1763;-0.460969
6.06411;0.946195
6.81255;1.87926
7.38477;-0.727098
7.28644;-0.612983
7.74841;1.05961
6.79628;1.86282
6.0254;1.37435
6.25224;0.740222
6.05791;1.82899
6.59346;1.35448
7.15571;1.09833
6.35835;1.35278
7.16802;0.0578605
7.27638;-0.885227
6.73235;1.17902
6.43587;0.194684
6.75014;0.872623
6.71596;-0.797624
7.43035;-0.996393
6.39293;0.768136
7.37548;0.783819
7.0873;1.10133
6.77211;1.00932
6.56103;0.245033
7.22554;0.731733
6.39967;-0.42812
6.55337;0.137029
7.94978;1.58209
7.46326;0.839236
7.79791;-0.706589
6.67884;-0.649336
6.99206;1.14347
7.48219;1.56204
7.5639;0.368813
7.71043;1.93524
6.0913;0.62887
7.14604;0.767904
6.4868;1.87722
6.51815;0.571744
6.74817;1.61553
6.20232;0.721767
6.12494;0.133536
7.90586;-0.887927
6.47708;1.05369
7.30087;-0.587515
7.56473;1.96956
6.50877;-0.164808
7.40869;1.98644
6.26482;0.458875
6.9035;1.96288
6.92941;0.4922
7.06117;-0.886831
6.1734;1.32195
7.9936;0.0373238
6.5958;0.112651
6.43524;0.197171
7.88961;-0.159738
7.5538;1.69321
6.63489;-0.953669
7.1646;1.90364
6.30588;0.093997
7.91547;0.221965
7.28613;0.986238
6.8056;1.32642
6.29674;1.56365
7.5262;0.839226
6.7039;-0.118941
7.3016;0.315956
6.13534;0.942789
7.56885;0.0967017
6.03696;-0.993867
7.52925;1.88986
6.56426;0.624579
7.72205;0.79873
7.11394;0.329971
7.13492;1.12973
7.61598;0.57558
6.23446;0.353158
6.37455;0.560093
6.45305;0.00693063
6.74916;1.96889
7.89744;1.1796
6.56663;0.798552
6.33037;0.0529533
6.49423;1.84883
7.4331;-0.203219
7.90331;0.443528
6.45776;-0.298638
6.0454;-0.73029
7.66673;0.739018
7.06645;0.202465
6.57916;0.0236502
7.85203;0.220435
7.58454;-0.660137
7.85369;-0.943612
6.89786;-0.0957265
6.01685;0.19295
6.05591;-0.12478
7.99433;-0.420574
7.28545;-0.267158
6.28551;0.0778283
7.01975;-0.716773
7.6809;1.21626
6.65639;1.58946
7.65731;-0.515319
6.88565;0.0856538
7.12476;1.19722
7.4062;0.465191
6.27844;0.486112
7.20337;-0.801813
7.02833;-0.848152
6.73497;0.567775
6.89653;0.186332
7.62866;0.336299
7.17717;0.371168
7.37943;1.19402
7.63266;-0.401235
7.6515;0.970353
7.87668;-0.538167
7.03988;1.301
6.63101;1.8883
6.25777;1.63366
7.39035;1.49596
6.73257;1.50318
6.65471;1.90391
7.80091;1.52457
6.03717;-0.196173
6.72823;0.400551
7.32677;-0.464662
7.82457;-0.244084
7.271;0.805992
7.96662;0.355503
7.60317;1.42718
6.21724;1.21978
7.92601;0.885671
7.01385;-0.164476
7.18265;0.907433
6.31279;-0.140511
6.93559;0.568034
6.24178;1.38546
6.98129;-0.935965
7.27335;0.527692
6.57857;-0.997632
7.95216;1.85802
6.35847;1.66509
6.40929;1.44421
6.98072;-0.436131
6.53314;-0.124157
7.99403;0.12557
6.06375;1.88006
6.00749;0.616407
6.47705;0.785209
6.34923;0.184763
7.76313;0.92723
7.8352;-0.992633
6.87512;0.224736
6.0476;-0.777289
7.83495;-0.0607362
6.15005;1.68067
6.53152;-0.237215
7.56384;0.41122
6.138;-0.183148
7.31673;0.00671143
7.12846;0.966135
7.42152;0.788321
7.23079;1.14352
6.26982;1.56177
6.61915;-0.0714308
6.49769;-0.426569
7.90387;-0.500669
6.3872;0.168486
7.14938;-0.347801
6.92746;0.476496
7.06098;0.616276
6.77145;1.38875
7.58604;-0.497066
6.53331;1.58606
6.87986;1.77506
6.39518;-0.987518
7.16079;1.72505
7.20054;-0.412618
7.24572;1.20553
6.09944;1.79731
6.0894;-0.104313
6.24716;1.9899
6.93001;-0.0484657
6.77226;-0.880915
7.06916;1.54958
7.06372;-0.804803
6.77724;1.75275
7.72263;-0.45508
6.17045;-0.616089
6.08732;0.575469
6.10598;-0.276253
7.05863;0.900158
6.2992;-0.611246
7.65836;1.31737
7.72952;1.63669
7.40979;1.72839
6.35492;1.48541
7.81219;0.927399
6.2913;-0.123328
7.36432;1.04068
6.28417;-0.357936
7.49059;0.592113
6.26321;0.819823
7.42469;-0.349505
7.46916;1.26801
7.48398;1.3627
7.99451;-0.186086
6.84191;-0.559444
6.80178;-0.2496
7.83862;-0.203047
6.25806;0.872605
6.35023;-0.0805255
6.90535;-0.756375
7.89792;0.794969
6.74686;0.893357
6.5571;0.546551
7.69028;-0.928469
6.09244;1.93023
7.2609;1.2757
6.38715;0.0950883
7.02914;1.80669
6.30519;0.535466
6.41374;0.720648
7.31735;0.823275
7.64737;0.733949
7.74682;1.85814
6.40437;-0.854433
6.51841;0.964574
6.25946;-0.375511
6.50636;0.509489
7.67856;0.595196
6.03736;1.05327
7.11115;-0.805295
7.32233;-0.441918
7.64693;1.56423
7.10211;0.0141107
7.58061;1.11096
7.69972;1.99153
6.55441;0.525599
7.20987;-0.697345
6.17303;0.43503
6.1072;-0.133898
7.05373;-0.0615874
7.88712;0.96979
7.04193;-0.40978
6.31952;0.0807474
7.45694;-0.46468
6.08934;-0.147857
6.48668;1.11751
6.94015;-0.799572
7.12116;-0.936604
6.80969;0.0526631
7.44957;-0.235885
6.69613;-0.994037
7.52648;1.85899
6.20575;1.54926
6.86268;-0.530585
6.27691;1.87462
6.93855;-0.753961
7.22961;1.97073
6.55751;1.32369
6.70098;-0.978325
7.90601;0.18549
6.58255;-0.410964
6.202;1.28404
6.52631;0.984746
7.56496;1.004
6.02494;0.521795
7.84541;0.0816
7.01851;1.05783
6.62706;0.836376
7.07139;1.23462
7.53719;1.02246
7.40616;-0.286382
7.51233;-0.0463523
6.45623;-0.895247
6.18489;0.735823
6.08429;-0.863652
7.94754;0.000247326
6.48359;-0.775683
6.18953;0.514848
7.47271;1.63173
6.3459;1.24647
6.76902;-0.713034
6.21872;1.68128
7.5632;0.268666
7.01177;-0.0481109
6.33552;-0.176549
7.9829;1.61252
7.02471;1.24284
6.37744;1.22142
7.56506;-0.156495
6.63816;1.47402
6.65324;-0.121449
6.31618;0.705237
6.73525;-0.241441
6.14672;-0.688068
6.26019;-0.261066
7.7056;0.543817
6.68393;1.88648
6.81673;-0.629303
6.7701;1.74276
6.88172;0.658426
6.37747;0.296931
6.8473;1.10328
6.35985;0.837112
6.88313;1.88736
7.78708;1.28193
7.57425;-0.33953
6.10699;1.83565
7.57714;0.263354
6.39614;1.58579
7.05019;-0.015502
6.21648;0.133691
7.68554;0.350626
6.68011;-0.246584
7.14755;1.17531
6.33078;-0.95609
6.55583;0.0623888
6.89389;1.10468
6.11045;0.880609
6.62786;0.490365
7.17865;-0.377588
6.51487;0.129351
6.85525;-0.0672166
6.64333;-0.351411
7.46409;0.559207
6.15625;-0.228577
7.6958;-0.440893
7.27008;1.07202
7.27316;1.92528
7.88362;-0.368944
7.4004;-0.678387
6.44998;1.93433
6.92267;1.01581
7.35935;0.549671
6.59761;1.98081
6.02669;1.66439
6.40215;-0.187667
6.52916;0.886109
7.16341;0.758737
7.6898;-0.0587462
6.21196;1.76908
7.14178;1.86165
6.21879;-0.382209
7.28911;1.23792
6.36205;0.759103
7.91265;1.64367
7.38714;-0.456058
7.71867;-0.535283
7.7065;0.617023
7.34293;-0.543835
7.06523;1.05442
6.08037;1.20106
7.91117;-0.0857104
6.72478;0.611873
7.78202;-0.378128
7.70208;1.99097
6.26063;0.265803
7.90175;-0.280863
7.25573;0.786285
7.97137;1.42667
6.36359;1.82603
7.38022;1.6261
6.24665;0.648342
6.06055;1.92972
6.17691;1.10521
6.25726;0.863202
6.77309;-0.493562
6.70951;0.026388
6.94715;1.15144
7.75884;0.0937542
7.84888;1.19139
6.72315;-0.835735
6.30479;-0.0626584
6.58893;1.34078
7.81575;-0.159543
7.1783;-0.730985
6.44433;-0.16221
7.93008;0.0364603
7.65742;1.98594
6.64412;1.7515
7.3941;0.352068
7.07647;-0.749218
7.239;1.67897
6.85145;-0.720766
7.22027;-0.0845689
6.91533;0.60372
6.07121;1.45771
7.17866;-0.435991
6.26337;1.65139
7.93653;-0.881319
6.3279;0.672246
6.25846;0.158332
7.67336;-0.717184
7.46319;0.996167
6.17917;-0.839026
7.16511;1.35991
7.00869;-0.637639
7.74046;-0.628453
6.02755;-0.11214
6.43385;0.871733
7.20219;1.02377
6.31697;0.910109
6.98765;1.24344
7.64941;0.876536
7.26322;1.37891
7.33014;1.38667
6.70077;1.38291
6.36333;-0.438807
7.77715;1.73979
7.70491;1.93449
7.93384;0.305023
7.5296;0.413807
7.11159;0.905082
7.19024;0.708709
7.86196;1.43614
6.38696;0.596233
6.97327;0.0558941
6.33756;1.94139
6.19955;1.98046
7.21195;1.19415
7.57292;-0.186861
7.05388;-0.589469
6.1307;1.12582
6.64782;1.86178
7.24374;-0.470915
7.86418;0.766381
7.22274;1.09066
6.12013;-0.49851
6.66383;0.965542
7.47347;-0.211318
6.93445;1.79064
7.58994;1.86158
6.56436;1.89126
7.86865;0.145866
7.91448;0.620894
6.22668;1.23109
7.62269;0.920844
7.76108;1.63008
6.69778;-0.386652
7.66124;1.91228
6.76162;1.28813
7.11911;1.97654
6.91919;0.858849
6.31869;1.37453
6.54959;1.68823
6.10881;1.22607
7.65258;1.54812
7.39177;-0.674595
7.62625;0.890624
6.98085;1.3111
6.34101;0.811293
7.02813;1.94555
6.48809;0.183817
7.71709;0.778803
7.19811;1.0675
7.12739;1.9396
6.90375;-0.630254
7.94409;1.73441
7.48573;-0.605834
7.40596;-0.947014
6.05493;1.27215
7.51937;1.56126
7.21351;0.366709
7.92445;0.259654
6.17155;0.357941
6.3805;-0.231151
6.11282;1.11295
6.47627;-0.0986289
6.19784;-0.709967
7.78678;1.09393
7.57169;0.371258
7.35569;-0.286844
7.16067;0.949665
6.29838;-0.0304015
7.56255;1.55651
6.68172;1.42623
7.2191;-0.69836
7.32499;-0.351075
7.11223;0.874161
7.27239;0.925681
6.15473;1.47933
7.79635;-0.598663
7.06152;-0.59107
6.86847;0.88905
6.46597;-0.0171181
6.65532;-0.943508
7.56943;-0.983489
6.5131;0.0951439
7.31078;0.217216
7.37649;0.310007
6.51581;-0.912673
6.49082;1.60238
6.25931;1.72372
6.16753;1.05732
7.06526;1.15988
6.65533;0.829987
7.09281;-0.322472
7.48755;-0.768504
6.7243;-0.465969
7.4137;0.78542
7.01128;-0.896471
7.22794;-0.128947
6.08003;1.61156
7.3108;1.08621
6.55252;0.0309398
6.26415;0.602498
6.74551;0.132454
6.80325;0.507234
6.57079;0.456173
6.37637;1.45406
6.4107;0.547548
6.85603;1.25526
7.48338;-0.484628
7.65784;-0.688467
6.6996;0.607307
7.39797;1.56632
7.14056;-0.0611352
6.29158;0.830875
6.36695;1.40357
6.61139;0.3792
6.28967;0.313311
7.9878;0.552774
7.63051;0.186571
6.04001;-0.698057
7.76183;-0.37544
7.83734;-0.741205
7.44807;0.0400537
7.67604;0.397184
7.03695;1.00082
7.13914;1.60483
6.40542;-0.19433
7.44743;1.31896
7.16302;1.60852
6.76656;1.29496
7.34139;1.06693
6.44944;1.44659
6.25349;-0.344143
6.66624;1.826
7.22829;0.0593746
6.0853;0.485172
7.12262;1.88395
7.16264;-0.143958
6.616;0.258027
7.50215;1.47943
6.17256;-0.038057
7.38951;-0.133026
7.17841;0.255408
6.12396;-0.487852
6.57595;0.335776
7.87141;1.87601
6.26847;-0.518732
7.5484;-0.217057
6.75808;-0.678034
6.40596;1.97955
6.92089;-0.263106
6.97648;-0.934725
6.4139;-0.791309
6.61421;0.544851
6.97781;-0.825457
6.68285;0.725565
6.75766;-0.891456
7.72836;1.9041
6.9093;1.77848
6.2775;1.22788
6.74283;-0.776645
7.40259;0.516956
6.46975;0.426485
7.53327;0.841748
7.16563;1.90884
7.2142;-0.870208
6.43049;-0.713975
6.13004;0.266584
6.32981;0.116384
7.87429;0.961434
6.86062;-0.164283
6.458;1.42741
6.62951;-0.720462
7.55434;1.30821
6.03868;1.74776
7.02406;0.172267
7.98074;-0.360027
7.79281;-0.324264
7.37764;0.989121
7.67832;-0.185091
7.26531;0.338784
6.6298;1.5437
7.08321;0.139769
6.54019;1.11952
7.5041;-0.378277
6.72064;-0.45292
