9.62326;1.20695
8.86887;1.38588
0.535716;2.52266
11.2842;0.418123
14.0224;1.83553
9.81828;2.075
10.3102;0.768485
13.2798;-3.9863
0.459157;-2.09151
13.3174;1.48547
3.4991;-2.84718
-0.865227;-4.40614
12.9442;3.26828
12.9252;0.561231
-2.73994;-3.24767
5.71265;2.29953
10.186;-3.13753
3.03553;4.32535
12.8876;-3.27568
5.04027;3.36915
11.3239;-2.99132
6.36787;0.584653
9.84095;-0.463743
7.60741;4.10283
9.2111;0.210291
6.641;-4.12518
9.05642;1.71499
-2.11197;0.778082
5.49462;4.37364
-1.40972;0.120529
-1.81395;0.937657
0.63801;3.08525
9.88445;0.605477
10.0938;1.18525
8.9933;-2.84592
4.68202;-0.110357
2.99261;4.49855
14.9513;-4.06007
3.69753;1.07265
14.1337;-4.02045
-1.51653;0.131068
-1.38118;2.64605
-0.449574;-3.17694
2.54047;1.32933
-1.67994;-0.736551
-1.20027;-3.17733
14.4337;-1.63008
13.8782;2.00123
12.1113;1.81853
2.09018;0.305194
12.106;2.24089
14.4218;-2.86462
8.82209;4.66913
0.932164;-4.22575
6.9318;-2.88193
-1.57175;1.52472
8.84048;-2.89182
3.95516;3.0952
2.55392;2.09491
4.43595;-0.872064
-1.37363;0.37439
6.3801;-3.94053
11.6734;-0.141473
10.3782;1.71971
-0.76979;-4.25281
-0.11071;4.64967
10.2406;-3.28026
-0.56518;-0.772489
-1.31582;-1.13965
4.58228;1.63065
6.43281;0.255557
2.03124;-2.77243
9.0576;1.82616
14.6642;4.79497
3.48203;-0.752702
3.48551;-0.220564
13.3358;3.87351
6.16846;2.366
3.12387;-2.10039
3.79397;-0.0909025
2.01498;0.610611
4.69029;-4.36513
8.99435;0.843808
4.3182;2.71922
13.4921;3.36414
4.29451;-0.317413
2.911;2.00526
8.19819;4.98343
3.31215;1.23292
14.5801;2.25249
14.9625;-1.29869
-0.0974111;4.10191
0.931249;1.87083
8.30762;0.806868
13.6177;-4.44638
-2.5908;-2.58276
6.78485;-0.22527
0.888201;-2.50542
-2.7754;1.41449
14.4577;4.3227
5.10687;-0.93632
3.64159;2.89832
-1.92201;4.91544
10.9865;-0.599649
7.70216;2.66015
-0.815678;1.12858
-1.36775;-1.81524
5.96304;-1.56371
14.158;-3.3016
12.6186;3.82603
-0.627757;3.95912
-1.59171;1.91625
3.1273;-1.70463
12.9363;-1.14761
13.5029;3.62463
2.06859;-1.01152
1.14627;1.68037
-0.372377;-1.74276
8.54996;4.26855
9.61439;-2.25582
9.1807;3.31043
11.9168;2.79017
-1.11438;-1.39675
-1.62355;-3.94922
5.15049;4.46962
13.8192;1.05367
12.0229;-4.37993
1.67983;-2.83741
2.52398;-3.11927
6.50207;-2.37471
-2.98984;3.19007
7.63662;-2.30633
5.28085;2.50057
6.38068;-3.53374
8.87834;-2.39149
3.08293;-1.30217
-2.20622;-2.91681
-1.12801;-3.08587
5.87957;-2.78555
0.72298;4.48809
-0.756508;-3.15829
6.5528;4.6128
-0.230321;3.01166
-0.583462;-0.122792
13.8488;1.79038
9.32052;4.39776
5.48927;-1.88373
0.0153396;4.3509
-2.77862;2.04234
-2.39907;1.88596
13.3911;-0.972405
-2.84125;4.56979
6.6836;-3.42822
-1.13574;-4.20277
2.27917;-1.55118
14.5932;-0.529708
5.12943;0.327072
3.78902;1.25231
2.37866;0.358491
-1.80723;-2.26886
0.124173;2.63201
0.0863316;1.62932
-2.52958;-1.27967
7.38357;-4.13488
-2.50231;1.29738
9.79151;4.41352
14.6684;2.33486
13.0736;0.435759
11.981;4.96722
6.91513;-3.30714
2.52513;0.518305
6.78282;2.70657
-2.3456;4.24625
3.55367;-1.31589
4.77741;-0.411603
7.26047;1.25361
0.259724;2.54415
1.51503;-2.53131
-1.55152;3.36315
1.42195;-3.47286
4.8831;4.58488
-2.16507;-0.514503
9.16372;4.42396
13.9034;0.326378
13.8465;0.154243
8.40488;-2.19277
-2.67307;-2.8176
-2.97385;-3.98207
-1.24045;-1.02732
4.01439;0.533395
11.3263;4.61729
-0.56146;4.78149
9.62167;-0.83006
0.316125;2.92591
0.852171;-0.416017
13.0163;1.69362
3.95153;4.39371
-1.71326;-3.9114
12.7598;-4.39963
7.25997;3.20886
6.00874;-2.56578
-2.02216;0.42716
3.85255;-3.97012
7.31701;0.0452748
4.58381;4.64713
-2.85094;-2.43635
13.6063;-3.13432
0.496042;1.42586
6.54117;-0.904689
4.29809;2.56871
11.5502;-1.69518
4.12861;-2.65184
1.16565;-0.0585637
1.61702;-3.48379
5.60553;3.35174
13.5317;4.79642
-2.45817;4.74116
5.94994;-0.597408
-2.48645;-3.83134
13.0065;-0.226393
-2.40166;4.02654
9.00743;4.58021
-2.25686;3.68239
7.43254;0.92783
1.31564;4.85783
2.67765;-4.04301
2.04502;2.25886
1.36765;0.361187
0.221614;0.241908
8.13612;1.7421
2.86166;0.602471
8.4414;-1.12038
6.1774;-3.2379
10.7979;0.614668
0.65828;1.73008
14.7883;-2.25345
6.9599;1.72553
0.461219;1.14883
6.29921;2.83282
-0.0126499;2.68561
10.6244;0.0731939
11.4807;-4.1467
0.47126;-4.05225
6.88007;-0.96765
6.83303;-2.90812
-2.47999;3.78331
9.68404;1.81297
1.09818;-2.46202
11.3528;4.94514
10.5524;-4.49418
8.70041;2.54092
1.26765;-2.56817
4.13643;-0.420873
11.3634;4.17436
0.622628;4.65732
9.05048;4.60259
5.0157;0.00257596
14.9164;1.56256
6.37956;0.670365
-2.82016;-3.86002
9.81268;-4.13063
13.9073;-0.543401
9.66127;-2.91378
8.35815;0.257403
-0.0984829;-0.852775
6.02506;3.20657
-0.748772;2.5156
-2.73776;0.454599
0.0215886;3.21907
4.8233;-0.99333
10.9763;-3.51106
2.89122;-2.39311
7.40498;-1.43486
12.479;-3.55816
12.6041;3.76437
-0.00287003;0.997751
13.3587;-3.49489
14.9135;1.31608
1.90987;1.44893
-0.966038;-0.377321
-2.81782;1.33671
1.41332;-3.2157
3.35174;-2.03234
8.82107;0.447035
-1.69883;-3.63214
13.0175;3.56311
0.518153;-2.43704
-1.73052;2.84832
6.7164;4.33946
12.7077;-0.636395
11.4073;-4.12802
14.7373;2.23758
-0.390791;4.81571
2.78587;-0.531595
7.92246;-0.372868
12.3305;1.36078
-2.12115;-3.57966
10.5381;-0.683852
3.41936;-0.616016
13.6039;-0.425276
6.0035;3.21689
1.998;2.10865
-2.46976;-1.19216
5.44478;0.907951
2.01594;-1.25287
14.5672;-3.74887
3.85725;4.63291
11.1891;0.496185
13.9553;-3.45764
13.9855;0.713249
6.79483;3.05567
-0.0176203;1.13333
13.0598;4.21912
14.9043;-2.13599
2.87956;4.21266
9.1997;3.35495
10.1297;4.57657
6.40472;2.7094
2.46518;4.92057
2.90656;1.0317
3.00195;-1.61109
8.90432;2.2868
1.77819;-0.228452
1.32566;-2.52956
7.06846;-2.75242
10.6112;-3.5166
14.6272;4.25772
9.53698;3.77926
12.114;2.06622
-0.833808;-2.92006
7.94947;3.082
14.8766;-1.29156
10.5636;0.398495
-1.26094;-3.95703
6.13086;-0.464808
8.5099;3.48676
10.1193;-1.64249
6.99202;4.94592
10.5077;3.05655
0.630998;-1.55703
14.6289;4.60005
4.43944;4.60738
12.8358;-3.45689
11.9431;2.33461
11.4177;4.52991
12.9434;-0.611787
10.4752;3.84944
10.4463;0.270469
4.10136;3.51449
7.06756;4.067
1.83097;-2.61189
10.365;4.97378
5.99169;-1.67267
14.8479;-2.12533
-1.32528;-2.66394
7.07552;-3.81199
-0.278951;4.74401
-2.44033;-4.20612
-1.50863;3.68202
10.5066;3.89644
11.6121;1.54304
2.27619;0.823831
6.26996;-4.1187
-1.87396;4.14042
12.9078;1.40774
11.6035;-3.05453
11.7711;0.761191
-0.310892;-1.45854
12.3256;-3.16105
7.26214;4.4724
3.01582;-3.26623
-2.69607;0.111124
-1.14738;-4.04421
6.29369;-2.73511
13.3664;-1.96651
-1.74696;2.34974
13.2503;-1.05402
2.06571;-0.530994
4.2517;-1.23213
2.89154;-1.77692
14.3854;-3.18315
4.8983;2.97145
9.46366;1.0878
-1.0808;0.666562
10.1244;1.92904
5.78962;-3.89823
11.519;0.299374
6.87706;4.14058
6.95716;-3.88211
-1.28438;-0.107021
2.97104;-2.93321
0.301993;-2.27209
6.49789;-0.0837122
8.74152;4.34006
11.5595;4.80634
0.909111;2.85976
-0.871853;1.73169
7.10125;3.20123
1.39483;1.84412
3.38108;4.74625
3.20179;3.50676
-2.3406;-3.06403
3.26425;1.06091
-1.90759;4.0613
8.7072;-3.01798
3.54494;4.83018
2.7767;0.696994
0.899541;3.56159
-2.78536;3.755
11.0242;3.29744
12.2741;4.9648
7.71891;4.68453
8.74071;-3.01158
10.9941;4.01598
11.8406;-3.24645
12.6547;-2.89429
14.5458;4.11024
2.76318;-1.43356
5.85059;-0.88177
1.0315;-3.15005
6.66363;1.08201
-0.76396;3.64906
-0.576622;-1.26178
9.71492;-3.10771
0.776641;0.112306
14.4121;-3.94543
5.6724;0.846928
-2.54697;-3.22641
9.95118;3.12486
-2.45135;0.667886
13.8223;4.05179
9.83417;4.13872
11.5175;-4.18473
1.1782;-1.66682
4.45295;-0.167101
4.92592;4.53375
-2.21386;0.863256
11.5569;-2.80609
13.2975;0.393461
2.84754;-3.40529
-2.98907;-1.72407
0.124946;0.0828686
12.3907;-2.61162
8.09644;0.958199
-2.97491;1.64602
-0.866365;4.39166
6.84849;3.39968
12.2155;-1.14016
12.5652;-3.76446
8.73414;-1.85155
6.60336;-3.62386
1.13468;0.983352
8.82202;-4.135
10.599;0.840881
6.96341;-3.73653
9.19375;0.764231
3.70622;3.58487
-2.34234;-2.33775
-2.10333;1.70356
11.4387;-4.01351
2.3992;4.24653
14.7691;3.5474
10.5402;3.40852
0.613717;1.36116
13.3782;3.60026
13.1235;-0.287491
14.0079;-3.3082
-2.6289;1.21581
-0.0502755;2.87313
-0.0504886;2.31526
12.4167;3.49227
1.88746;-2.32401
9.46195;-1.57341
5.21982;2.55038
14.2992;-2.04131
11.2804;-2.02027
0.230944;2.91501
-1.05387;4.35143
8.03406;-1.56563
6.87648;0.4676
-0.0922879;-0.277811
14.3939;-3.48897
7.25808;4.87597
9.74558;2.47078
10.7351;3.78352
5.12093;1.38569
9.83835;2.36554
12.2748;-0.647063
-2.44648;-1.60008
-0.341077;4.92229
7.15315;4.44019
1.55119;2.56383
9.9888;-1.07085
9.15522;-1.32127
9.05718;-2.37216
12.4352;3.39814
9.03164;3.32644
13.8805;-2.23598
11.594;1.636
14.4975;0.951507
6.32121;-0.479149
0.481007;-2.30468
-0.373149;-4.10112
8.45986;-2.82147
3.25035;2.95158
0.0331277;4.1574
10.0581;-0.497164
8.78759;-0.253029
11.0816;-1.36351
11.0698;-0.204507
6.97453;1.57204
2.10372;-2.38563
5.33396;-2.3972
5.29589;-1.89911
12.6104;-0.38681
12.2572;-0.841674
12.4119;-4.1104
8.09113;-4.47956
-1.50605;-2.09809
0.219092;-0.412728
-2.33023;-1.20022
3.14781;2.74526
10.8365;4.96591
0.774752;0.7346
2.87822;4.91793
-2.94298;3.86673
8.34942;-1.77628
-1.14109;-3.61155
6.14498;0.85948
3.61139;-0.93468
14.9482;-2.45826
10.6869;3.60671
1.60674;-0.922704
12.3988;-1.28019
8.32902;-4.17389
10.845;1.83269
3.87012;-3.44824
4.72665;-3.07149
-1.0718;1.57018
9.62485;-0.379944
8.34591;2.19321
2.65917;-2.02191
14.8426;-0.532123
3.37872;0.243449
14.6729;2.35589
12.7429;4.80003
13.8587;1.53242
11.9812;-2.67104
-2.79213;2.03389
6.5661;1.58892
9.99789;-1.64415
2.53568;-3.51411
4.40389;2.49957
1.57466;0.425273
3.76374;4.57752
14.1385;-4.44213
8.88138;-1.96789
1.80498;1.68766
9.31577;1.40251
-0.288435;1.82735
3.1738;-4.26013
8.60976;-1.84397
8.88434;0.0341124
5.49788;1.882
-0.0290551;-4.46624
2.6291;3.928
2.47507;1.39253
14.8368;2.29723
3.42712;-2.1717
1.21106;2.46184
0.61102;-2.73217
10.3005;3.67654
5.14726;-4.44433
6.21637;-3.20007
8.28919;1.7953
11.4517;4.71658
9.38244;-0.24535
1.49546;-1.19254
13.6524;2.3576
-2.64102;-3.64324
10.0573;-1.33962
14.5922;-4.21902
14.1529;4.69865
10.4113;-1.55501
0.840526;4.80071
-2.22915;-0.567239
-0.0280329;2.92655
1.94394;1.36848
11.1768;2.9735
10.5823;-0.559594
5.08826;0.795688
3.92903;-3.19602
-2.90462;1.52959
5.73746;4.3391
3.41783;0.300901
-2.6289;-3.72145
12.0845;4.98062
-0.992477;3.01418
14.3923;3.63773
-1.18261;-2.79379
12.0413;-3.13399
7.68437;-4.49302
13.6596;3.74827
8.13245;2.27478
8.78863;-0.95613
-0.697532;-3.50942
13.7486;0.372178
1.34758;4.38989
-0.344015;2.406
12.5918;0.288958
1.18149;3.92485
7.54896;-3.83182
12.9262;2.12703
12.5034;3.58474
6.97534;4.64153
-2.44873;-0.796795
-1.09097;1.42992
4.02982;-4.19989
5.86394;-4.41436
10.4051;-3.10003
3.87697;3.79008
1.52946;-1.53093
3.93902;0.185102
1.46962;0.564031
0.96208;-3.41204
-2.33118;-0.202006
-2.97573;1.4205
6.40958;3.91828
2.77426;-0.851474
10.2689;3.81229
3.2338;2.79397
1.7662;-0.202396
4.05578;1.72568
5.71145;3.90208
8.95829;-2.3274
-2.42771;-4.05917
-1.17596;-1.80741
3.46087;0.124948
10.9788;1.26886
-2.64193;4.96879
9.99187;-3.95803
5.08443;2.36963
9.24467;4.73295
7.96658;-4.49001
3.40702;-1.20907
12.7685;2.17154
-0.9444;-3.16222
-0.21636;0.308784
11.3308;1.56685
4.0311;-0.125224
12.6116;-0.487095
6.12431;4.70215
9.70515;3.72551
5.1987;0.0831885
5.51566;0.0160725
5.6248;-2.6488
6.58366;4.31876
13.5237;-2.4795
13.2033;0.508744
0.847252;-2.0668
12.7257;-3.64722
14.2511;4.88458
1.15052;-3.42612
5.89269;-4.24599
10.5298;3.90422
5.77033;1.38019
2.52719;4.94439
7.57706;-4.37738
12.4798;-4.09057
5.91628;-1.33573
6.33253;4.75779
6.503;-4.01645
13.2503;-0.2637
1.74451;3.12827
14.5169;0.0345434
-1.93616;3.54472
7.20755;-4.33379
12.0239;3.07787
-0.650357;-1.37734
11.8393;3.88082
0.840418;-1.53934
6.02087;0.444016
2.50431;-3.65664
6.59995;-2.92505
-0.626297;-4.22755
5.97959;1.67829
-2.94269;-4.2453
9.62243;4.1068
5.50926;4.66589
9.76119;-0.263956
4.95871;2.79655
2.26882;-4.41225
11.14;-3.28993
11.5243;4.20284
5.20938;1.4975
11.3691;1.85962
13.9734;-1.65531
0.417412;-2.13679
3.98787;2.37027
4.46179;0.440829
10.5336;4.17739
0.0678073;2.67297
13.924;3.78096
8.89852;-0.576905
12.0572;-0.985151
12.4594;-1.85273
-0.515252;-3.06009
2.18215;4.27415
2.021;-3.59936
12.1143;2.4827
10.0702;1.56066
4.28019;1.8563
13.8733;1.14596
13.5212;-1.40661
2.71496;-1.34232
12.2227;-3.84104
1.42434;-4.34666
11.8394;-2.73283
12.9808;0.111706
7.78155;2.38114
12.3977;-0.1506
-2.94617;4.93795
7.96921;-1.73657
13.5071;3.93928
3.94246;2.68909
8.2206;-3.43779
4.1048;-4.23569
11.0561;-1.3449
8.19839;2.13802
8.83925;4.42649
-2.43974;0.28271
-2.83809;-1.86924
6.35251;3.41739
5.33292;-0.629656
2.73933;-3.91181
-0.628769;-2.84435
6.35543;-3.2201
0.0194436;-3.27311
4.66104;-3.69431
-2.68514;3.2074
12.148;1.58816
13.6161;-2.25546
9.03625;2.18812
7.23091;-1.73727
4.24953;-2.35186
1.148;-0.378168
10.1321;-2.22532
9.79439;-2.1331
-1.68872;-2.84948
8.81793;-0.778846
1.24177;2.98872
7.18762;2.6763
13.6142;2.4704
12.9218;-1.18805
11.7336;4.06937
-0.121236;1.77088
6.77215;-3.71104
13.1345;-2.49001
11.1671;-0.084935
6.04305;-2.69678
9.43554;2.46194
8.22642;-0.50595
14.501;-1.32235
9.05232;-4.07132
6.14811;-1.40181
4.86285;2.56688
-0.940595;-4.47336
5.98708;-4.14447
10.2575;-0.853628
3.94889;0.773124
2.14561;0.68682
0.872843;3.37326
8.32253;-3.44058
-2.27384;-0.547137
7.37271;0.655972
7.90627;-1.96231
1.96026;-2.31886
9.37592;-2.14547
7.15349;-1.10732
2.27347;-3.81304
9.29849;2.43306
11.6915;3.07778
10.1868;-1.50298
12.0315;-0.0432728
9.58747;-2.39922
-2.56449;4.85913
10.8081;-2.22615
11.6508;-0.736624
3.31567;3.61564
11.6202;4.30776
4.14622;-0.527675
0.496631;1.88953
8.65919;3.87718
13.5677;-2.48775
1.3008;-2.47272
2.11428;4.26074
13.9775;-3.54696
9.95718;1.92003
4.48432;0.771818
-0.391405;-3.40655
10.9691;-2.89339
-1.19512;0.660189
4.35245;4.18497
13.9078;2.71373
10.8327;2.6398
9.3565;-2.92778
0.0545598;3.86693
12.0854;3.26559
10.7257;2.70582
-2.47356;-4.48602
14.4943;-1.52295
13.6258;4.19344
4.44648;1.61323
7.63605;3.38015
0.571673;2.49023
14.0026;4.75764
13.2887;-4.07383
6.318;-1.5227
14.2632;-0.158603
-1.69068;2.41175
0.753854;2.71252
13.0749;-0.90667
8.51896;2.44572
0.522167;-0.676435
5.81345;-2.36324
4.27114;-0.115359
6.68932;-1.38774
3.77952;4.5439
14.4799;4.69155
11.0666;-2.88945
9.6602;2.39764
-0.407641;1.27861
10.8767;1.78602
13.5901;2.43495
-0.863839;4.94693
5.23584;-1.39138
10.5653;-1.16933
9.69843;-0.761101
-1.52895;4.06087
11.3289;0.92793
-0.730803;-2.59999
-2.40776;1.81144
6.49694;-0.609351
8.09432;0.237772
3.78732;-0.720617
9.02839;-3.73603
-0.769849;3.21651
9.39646;4.00084
5.53111;1.29848
8.24675;1.12995
7.88605;-3.71752
13.5573;-1.09514
4.79333;1.44051
10.5355;0.389538
6.47631;0.706226
-1.45111;1.69902
10.4644;-3.36996
2.70402;-1.88149
6.51288;4.36579
10.9382;4.10288
2.95928;-0.295397
14.7477;-0.177798
1.58737;1.90943
3.29628;2.42364
2.13077;4.75883
2.78574;3.95332
-1.97436;-2.20785
1.46814;0.154457
12.5987;-4.49806
-2.91664;-0.765948
6.86811;-3.63854
-2.17945;-1.68559
0.773371;-1.05648
7.29395;2.51219
2.32292;-1.2108
8.58645;1.4545
11.1988;1.48192
-1.52836;-4.08508
2.47835;-0.400263
10.9046;1.09926
4.31096;-3.60785
5.62594;-0.100129
3.03341;2.41076
14.1556;-2.58303
10.0978;4.59832
7.70719;-1.87912
-2.12883;1.58409
7.29843;-2.04871
-2.94768;-3.1318
14.9308;-1.66307
5.82456;1.57855
13.6574;-1.84878
1.85142;-4.43187
2.80952;0.951821
4.897;-3.59531
-0.0611147;3.52643
0.404536;1.60366
2.54456;0.481137
3.65889;-2.01938
10.0701;-3.57288
0.939056;-1.45088
3.72252;-1.96127
14.305;4.48328
6.45477;4.66082
-1.38666;0.453491
1.73259;1.00889
-0.0971892;-2.71082
12.4613;-0.40749
0.519108;-2.77375
-2.916;1.52517
1.98494;-2.90459
5.62408;-0.0722217
11.5877;2.97789
14.8274;-2.78652
-2.13123;2.30702
2.00325;-1.96254
-2.3252;1.6886
6.61805;4.98935
7.74672;-3.93379
14.3372;2.02337
7.45838;-2.35207
1.79797;2.55174
4.45978;-3.30763
0.115423;1.29442
2.53001;-2.81142
1.395;1.04956
3.2223;2.37118
-2.09557;-3.01694
6.18772;-4.11375
3.0566;0.807593
10.6294;1.33714
11.8643;3.04941
1.78561;-1.07875
11.284;3.69762
4.55519;2.68894
6.89239;-4.49284
14.6909;3.25325
10.3748;-0.726026
13.9496;4.20316
-2.87042;-2.13577
-1.31039;-2.11202
11.9946;-0.324269
14.5437;3.89113
7.72191;0.108233
13.6308;4.35533
-2.21212;1.97065
6.83836;3.76088
5.56432;3.21821
1.13457;-1.94118
9.15631;1.6696
-2.53055;-2.36318
8.70334;-4.41537
-2.26094;-0.764332
4.31104;4.83568
2.5683;-0.573007
1.16825;-0.669437
8.9652;-3.8863
12.1698;1.57413
14.0618;-0.334919
-0.75974;3.78221
3.67025;-2.90181
6.95278;4.21288
-2.31966;-4.22709
10.1326;-1.95879
2.3654;-0.653085
13.5047;-1.4205
8.33759;0.887568
2.9952;1.87379
14.2861;2.52274
8.76531;-1.93794
-0.253144;3.90938
9.11234;3.2647
14.0964;0.398917
5.22093;4.02791
14.1739;1.02118
10.8508;-1.41559
10.4893;-1.43703
1.35274;2.97844
3.32063;4.72837
-2.01541;1.66763
3.77422;4.73045
14.5209;-4.44099
6.6973;-1.58874
9.18847;0.241256
-2.17768;-1.35773
10.8379;-2.61627
0.887347;-0.304061
-2.71877;-2.92526
14.2324;-0.0127483
-1.85813;4.15885
-2.03665;3.41277
1.25039;3.12781
-0.203846;0.0405419
7.62236;0.311637
5.08846;1.62589
-0.19718;3.34419
8.09623;-3.2736
11.9745;-3.02564
4.83978;0.336006
8.77697;0.0716613
12.1167;-0.481063
9.23127;-3.97006
12.565;2.10382
0.987805;3.30973
0.0146574;-1.79267
10.2036;-2.4005
-0.877703;4.71185
-2.56931;-1.90415
5.05716;1.33356
11.0352;4.0213
1.66001;4.38675
10.0083;3.8158
-1.83824;0.768689
-2.45022;0.250811
-1.85426;2.00578
14.6636;4.08298
-1.05843;1.77786
14.2666;4.73959
3.40739;-2.78241
11.304;0.47275
5.38405;0.517911
10.4001;1.04501
5.96165;2.79957
12.4248;4.48215
3.88381;1.54835
12.1644;1.59257
7.29809;0.86893
6.30007;1.54825
-0.844511;0.698528
-0.538616;-2.75769
1.17658;-3.37846
-1.43629;-1.27098
11.0199;-4.0618
2.62475;-3.21892
1.08465;-3.48206
8.84936;2.0807
8.43636;-0.673915
1.97504;-3.23439
0.0801801;-3.23342
-1.5832;0.758773
10.8599;4.2512
0.507814;-1.24997
5.75393;2.25971
14.6178;1.25775
1.65772;-3.40265
11.2106;0.16255
1.2042;3.82535
11.9525;-4.38172
13.6046;-3.13981
-0.348573;-3.08066
1.50594;3.15319
12.158;3.91399
0.750214;-3.37424
-2.6597;-0.89507
1.53285;-3.57264
13.7944;-4.29273
-2.66168;-3.28495
3.55067;0.298689
12.1101;-1.24442
-0.998329;-3.56699
5.24765;4.0565
7.6021;2.07181
10.9867;-0.51287
9.67597;2.14541
7.13177;3.58946
12.2806;3.22546
8.82819;2.0648
9.58001;3.72194
11.5716;2.31905
1.4088;-3.91711
11.6774;-2.80943
-1.50286;3.42497
2.50538;-0.252548
3.10798;-3.11962
11.2163;-0.219907
1.38326;-2.14404
3.32197;3.40894
13.9158;-3.28155
1.53993;1.61787
11.8999;3.2434
5.91916;1.92861
8.30941;-3.05001
3.61909;-1.3917
-2.67425;-2.81604
-2.19028;-2.00121
1.29508;3.67376
4.93773;-1.44299
9.50285;2.59498
10.84;-4.17762
13.0586;0.807491
5.72048;-3.21125
11.5202;3.43907
14.4272;2.59123
14.3511;-2.40623
4.02776;3.02138
-2.36116;3.91643
5.43156;1.80602
-2.30574;3.44339
14.8377;-3.96166
-2.7587;-4.15833
2.75456;-2.1058
13.1345;2.72649
7.32861;1.11416
6.13542;-1.24433
8.24818;-0.703168
13.2249;-3.46099
6.63584;2.22661
14.0111;0.28328
5.18116;4.1356
10.0302;3.52693
9.61322;2.71422
10.1558;-2.89304
4.6173;2.80978
-2.90459;-0.565437
11.8701;-4.32229
5.10235;-3.11475
1.8731;-1.20833
13.317;3.52312
13.8742;-0.566794
0.370341;0.842372
11.6464;-3.65805
9.09105;-1.18438
11.3404;1.35947
12.3453;-2.11361
6.46434;0.975952
-1.26949;-2.34796
3.04453;3.35669
4.12233;2.71041
7.73646;-0.690635
0.116788;-0.48542
4.55446;1.42121
7.23125;2.05899
14.456;0.0115641
6.62927;4.11871
13.0006;2.36091
5.45258;2.17481
11.5949;-3.15753
-2.07076;1.27141
10.6458;4.08933
12.4569;-1.80299
5.65001;4.57113
6.18768;3.25545
11.0738;4.10806
7.35637;-0.90572
2.52776;2.61084
11.4168;2.4045
3.69229;-0.991313
4.50978;-1.25507
12.1963;4.54561
1.47847;2.46502
9.13867;2.32472
4.84389;0.109376
12.4747;0.130261
-1.33114;1.36913
4.04765;4.5386
13.2306;3.78488
13.3132;-0.584804
9.39221;2.03755
2.72828;-1.9938
-1.80286;1.44068
-2.77826;3.74069
3.33825;-0.850924
1.26197;2.80868
10.0623;-3.73038
9.98708;4.75764
11.6551;-0.739188
9.47184;-2.12552
12.8593;0.749551
10.2721;4.75098
0.0669782;-3.27567
13.6539;-3.81518
-2.98255;3.3993
5.71583;2.04954
6.35403;3.12328
14.1582;1.06867
4.70014;4.67277
5.1651;2.90915
3.29402;2.05873
6.88642;-3.78416
10.8853;-1.92788
-2.10288;1.063
8.99925;2.55584
12.0394;0.703124
2.31548;0.942215
6.38672;-0.0759249
9.63135;-0.256325
6.68002;2.17575
2.00775;-4.29108
4.05845;3.07982
11.84;-1.21897
3.91294;-2.10384
2.59667;3.45786
-2.42151;1.77564
6.50512;1.02315
10.247;-1.65505
12.3384;2.96497
12.9309;0.428206
6.51312;2.34543
-1.8038;3.32621
2.28185;1.08543
2.21106;4.95419
-2.37643;3.35918
9.56199;-1.52792
12.2869;-3.64476
-1.00691;1.9003
4.83714;0.200404
13.667;2.59007
2.98407;4.60178
4.32451;3.67485
6.71038;-3.1428
-0.120383;-0.779808
13.7157;-4.07225
13.3864;-0.157016
10.7808;4.77973
2.05741;-3.93918
7.16556;0.91947
-2.0242;1.19426
4.15955;2.64494
13.4204;-2.15325
12.1582;-4.28175
13.5734;-1.86355
6.31956;3.54352
-2.57082;3.57692
11.4858;-0.407775
9.79283;-1.22978
7.32523;3.77157
10.245;0.271596
13.4829;1.63881
14.2697;1.97249
8.21407;-2.21623
10.3263;-2.7163
11.5956;3.04831
11.1688;-2.51811
6.83985;2.14431
5.20163;-0.806567
10.0027;-0.924308
8.99346;-2.21879
1.01534;2.05639
-1.37406;-4.2355
-0.823672;3.1099
3.69736;2.09804
9.09121;-3.47487
0.542472;1.08079
10.5738;-3.01578
1.83778;-0.917526
4.13935;-4.41342
7.16748;-2.52877
11.4661;-1.15587
4.49012;-1.17186
-2.07454;3.78176
10.304;2.85099
1.46675;-0.648547
-2.7495;-0.0233424
-1.27987;-3.50966
5.98325;-2.44354
13.2952;3.77588
13.398;0.981715
14.623;-3.47586
-0.0394738;2.46495
1.75268;-0.384226
-1.01541;1.77635
4.96235;1.91359
12.627;-2.16276
-2.51169;-1.79931
7.73441;-3.75384
-0.191148;-1.31305
12.342;-0.660101
10.3359;3.72936
12.7577;3.44625
14.4689;-0.942283
-2.04749;3.81994
1.42155;4.65722
5.15051;-2.36539
-1.709;1.36416
14.2413;-1.31028
-2.09065;-3.85302
14.9357;0.182286
10.3779;3.71365
10.3002;2.81829
-0.320197;-1.31509
12.28;-1.60321
9.073;2.1616
9.76425;-0.589733
7.21445;1.05325
1.46498;0.610659
14.2629;-1.64077
4.44746;-2.55544
1.76802;3.73226
4.72895;-1.30218
5.70901;-0.821276
9.1027;0.576357
5.19607;1.85361
-2.50994;-2.61373
6.60112;2.77817
14.4402;1.9816
-1.17523;3.26902
14.7696;2.83493
6.34222;2.11508
0.306698;-3.67842
2.05577;-0.398279
8.24002;-2.22072
10.1892;-4.13716
5.00307;4.97741
13.2855;3.80301
3.01621;-0.808475
1.70223;-4.43724
13.6128;2.30744
9.15733;4.52652
13.4723;-2.51637
9.8931;3.89828
13.0394;3.26777
9.63277;3.84361
7.61565;-2.40209
7.34277;2.8479
2.53166;3.62701
0.694026;4.35172
-1.28282;4.41058
14.4592;0.630133
13.8404;3.80966
4.45227;-1.93679
1.7391;1.91488
1.97553;-2.73093
4.05281;4.54234
-0.545185;-1.58397
-0.10869;3.60029
0.437637;-4.00881
9.06579;3.98161
13.7396;-2.02924
-0.954596;0.29349
-2.39622;-0.500992
3.48094;-2.23171
3.34876;-0.173212
0.181009;-1.43471
14.9184;-3.43315
0.552554;-0.609936
3.87802;-0.12385
-1.47485;1.75604
8.64358;0.0272586
7.9864;2.94082
11.1031;2.82435
8.44631;4.7576
11.8084;-1.59084
12.6111;2.65035
7.19354;4.81872
1.63043;1.19858
4.23359;1.36433
12.0951;2.66846
-1.69051;-4.35427
-1.60973;-3.85196
-0.702464;-1.89129
5.59852;0.342653
10.2345;0.843049
0.0290983;-0.869915
-2.29836;2.89707
-0.0235515;3.3136
6.89322;3.11201
11.3454;-0.963038
-1.06514;1.81039
-0.750364;1.9011
8.61305;-0.868856
1.92571;-4.05316
14.9914;-3.43345
11.429;-3.8134
-0.703041;3.84905
-0.471207;-2.07513
-0.237917;1.37275
10.77;3.94263
0.250983;4.36622
1.87462;-2.4139
9.81465;-0.356383
-2.24268;-2.01529
1.27382;3.47089
8.40948;-1.2232
6.05927;2.70898
-2.66293;-3.08961
-0.460822;-1.72242
0.518967;-3.1644
4.28361;4.97253
0.831532;0.556412
12.7672;-1.14316
11.1751;-4.22065
14.4876;0.74881
13.5259;-3.05462
5.74426;-2.70531
3.69124;-2.62169
8.25154;-0.568815
5.26678;3.69394
1.5513;-3.61531
0.734037;2.68336
12.3354;-2.35136
13.2829;4.93379
6.33389;-3.54902
-0.594842;4.27035
-1.25018;-1.20841
5.19807;4.7451
9.59701;-2.19196
-2.95368;1.87801
11.3182;4.24643
11.8233;-1.82812
-1.02735;-2.64512
5.62142;2.47943
7.96307;4.41321
7.74954;3.68814
-2.43555;3.14411
8.12494;3.89157
-2.44531;0.465245
12.7744;0.718972
8.20969;-4.40525
5.50608;2.33974
3.41622;4.31608
9.47654;-3.96524
0.0772885;2.10929
10.0979;4.68098
8.09503;0.736161
1.45805;2.39683
10.4357;2.40305
5.29187;-1.1229
8.96766;-3.95037
0.913082;2.11417
12.525;3.43673
7.43193;3.98649
3.44585;-0.168898
4.96825;4.8182
5.38583;4.19478
9.61505;3.31219
12.1785;-0.757217
12.8153;-4.36501
-1.38555;1.25972
14.6513;2.20778
-0.165698;-2.33117
4.77716;4.08692
14.1888;3.98088
1.66867;1.38814
14.1104;0.0292579
2.68858;3.22425
2.61977;4.00805
9.71509;1.86797
3.32681;-3.0838
8.72117;3.265
-1.84234;-1.15588
8.51468;4.12185
10.4278;0.424145
13.5919;3.43897
-0.756886;4.07281
6.75174;-1.82025
-0.647424;4.75136
0.34737;-3.68649
12.5979;-0.269313
9.69787;3.26275
13.5978;-4.29604
8.34378;-2.27406
13.507;-1.30226
13.2832;-1.94884
5.7422;0.780073
-1.45358;0.72493
13.3406;2.39336
5.23601;1.71109
1.39106;-0.896371
5.81063;-0.998628
2.07115;-4.20319
8.71159;-0.581922
-2.90873;3.44779
5.96512;3.78041
2.075;-2.56676
9.39756;-2.56158
1.04944;-1.46985
4.89036;-3.15078
8.80021;-1.24174
4.39019;-3.15817
13.1779;0.216547
9.44228;3.16252
0.99772;-3.08645
5.28684;-0.0725859
6.50623;4.52366
12.023;3.19362
14.6598;0.109905
1.0011;4.86864
2.79352;2.34329
12.4403;1.23617
13.6292;0.692207
11.5413;-3.08626
12.5792;-2.16106
2.23507;0.450251
7.60522;2.16334
8.92184;0.135528
0.561882;-1.14116
2.30156;-0.51021
6.04242;2.67165
12.9484;-4.21044
9.68587;2.34599
12.126;2.01579
0.705907;-3.90513
9.09681;0.513587
11.0934;0.533476
-0.632046;2.21469
-1.62502;4.42434
12.4012;4.44805
0.34095;-3.10862
5.33361;2.86048
12.2616;-3.30962
1.72927;-4.0654
5.61958;0.794051
5.38306;4.82161
2.61923;-1.1584
-2.78935;-4.33898
-1.69721;3.59436
9.6508;-1.85652
13.4638;-0.938761
11.5081;2.12739
13.2847;4.40682
4.27973;4.8204
12.7854;-2.02949
13.6139;-3.90556
4.31727;-0.833259
12.0725;-2.08339
6.20296;-3.54908
2.4023;4.90634
8.83258;2.77561
14.4845;4.71068
-0.8832;4.83913
14.7569;-2.69521
12.0319;2.04851
5.42829;2.62272
-1.84468;-1.89467
5.05283;4.70447
0.812503;3.59219
14.0997;-3.65669
-0.986466;3.79331
-0.275836;0.424592
1.66115;4.89267
10.9097;2.81717
-1.40162;-3.80758
10.6867;2.58856
12.0973;2.45147
9.88276;4.58522
9.86639;2.17093
-0.366298;0.724083
4.04738;1.33828
2.39393;-0.170799
12.9984;2.59691
4.64274;-3.54424
7.77934;-0.941464
0.408779;2.25179
1.45613;-1.26317
1.12368;0.311901
2.92958;-4.48241
1.9814;-0.526914
-1.65472;-4.14741
-0.0410966;4.17803
10.8393;3.86088
12.6567;0.094653
7.48133;-4.34673
-2.39608;4.75126
8.3524;-1.33447
4.7314;0.435152
-1.55538;3.61413
8.16173;1.95154
1.11663;3.18999
4.01683;0.0245149
-0.296544;1.37971
14.6901;0.0563229
8.17384;-2.03451
13.161;2.10731
2.33952;-3.90895
7.96171;-3.87787
13.9616;0.0486069
6.88444;0.483742
5.90882;1.03552
5.97158;-3.30658
13.4862;4.31546
8.61203;4.9635
11.0771;-1.98051
9.1548;-4.39774
-1.65572;-3.88164
5.76652;-2.3637
9.31214;-0.0368091
9.68076;-1.60462
10.128;1.22203
-2.99489;-4.25324
8.96164;1.28804
-1.35368;1.26502
-1.41477;1.58568
-0.633931;1.03853
1.01912;1.48376
9.75526;-3.17774
7.04064;-1.13949
-0.563827;-1.27118
8.14105;3.20079
3.31152;2.08948
12.7626;3.45785
13.5331;0.817229
2.53461;1.41841
12.5607;-4.15028
1.05557;3.71531
-1.86982;3.95353
5.53266;-3.03462
5.9404;0.840001
11.3073;1.4673
-0.388055;-4.32774
1.64412;3.61047
-0.16828;3.25029
0.734497;-1.71972
-0.197482;3.35098
-1.14113;0.310184
6.36088;4.80022
3.19207;-0.333756
6.69622;1.68908
-1.89224;-0.669939
9.38931;-1.77491
1.8228;2.63529
0.180547;2.54872
13.296;1.89717
2.47336;2.15172
2.42742;-0.232757
9.92964;0.815537
2.45251;3.8185
3.7563;0.348698
0.0292533;0.544933
3.06256;-1.92016
-2.32715;3.64014
1.50959;-0.876846
2.31737;2.99751
-2.4084;-1.10896
0.462774;2.35104
8.58846;-0.127058
5.5004;3.29476
0.641036;-0.913015
5.88996;0.310374
-1.60035;3.0564
14.1997;3.06268
3.38893;-2.04467
9.09065;2.43776
10.8392;3.47995
1.70405;-3.49629
-0.991978;-1.66219
14.3252;-1.06015
9.24183;-2.04975
-0.276568;2.2732
8.0677;-1.23506
4.81434;-2.04258
11.4718;4.11056
-1.57483;-4.44046
2.11114;0.944099
6.22721;-1.06375
3.63252;-0.0524659
-0.159926;2.37243
10.0791;3.3801
5.16667;0.206894
9.05062;2.29288
7.82009;2.91984
-2.75237;0.854462
-0.423738;2.09166
11.7879;-1.70294
4.32289;-0.354007
8.4859;3.48909
9.51173;-0.300113
10.452;2.85559
5.0705;-4.2028
3.25204;4.62935
4.07389;2.30018
4.72461;0.732373
4.906;-3.02025
3.84469;3.9828
8.72205;-4.02747
7.94339;-2.10275
11.954;1.40637
11.6874;4.75206
2.68048;1.55641
1.82992;2.36289
-1.66912;4.11113
7.14059;2.80582
3.2735;-1.54837
6.7795;3.07044
3.15567;3.96109
10.6417;2.48227
7.9161;-2.72333
2.14353;-4.06612
3.17005;1.82712
13.8948;4.94306
9.88354;0.692359
1.43425;0.692018
0.0291739;-3.90799
6.36773;0.0967597
9.59701;2.99321
0.713012;2.85083
9.51348;2.81162
6.77049;-4.08465
-1.55384;-3.68195
12.131;-0.48792
14.5815;1.18559
-0.168599;1.04041
11.139;-0.291006
8.31972;-3.28133
-1.03684;0.890977
-0.798833;3.33576
-0.947362;-0.997973
3.68421;-1.81793
4.75712;3.97186
10.7915;-3.25755
9.2496;4.73847
13.282;-0.930597
10.3581;-0.250073
4.55006;3.31335
6.60248;-2.02945
1.40607;0.34712
12.4537;-0.680221
-1.31836;1.61839
12.2124;2.36183
10.9018;4.56489
2.21585;3.99879
11.0223;-0.663854
1.73839;-3.07157
9.3503;2.09485
-2.24156;-0.20296
11.8496;2.36536
4.64623;2.43059
-1.22887;-2.91439
0.184131;0.419514
14.8085;2.24849
11.0022;-2.27562
0.970632;1.5462
8.4521;-1.51685
2.04869;0.072936
-2.34636;-3.99835
4.84008;-1.40221
14.0535;-2.46153
10.138;-2.49874
3.56886;-0.547855
13.2874;-0.632813
12.63;2.43341
-0.664653;-1.7153
5.26863;-2.33269
5.28057;1.54451
10.4277;-0.23074
3.23937;0.476883
9.30375;0.888614
-0.114163;-1.46219
12.8623;-0.312331
11.4204;4.21674
5.88503;-2.25143
1.38542;-0.31024
5.1228;4.74846
8.73035;3.25393
4.01167;0.787123
1.01896;-2.05021
2.1547;-1.14634
6.91797;2.58453
7.46079;-4.39521
3.87608;-1.39221
5.28767;2.42205
12.3183;-3.13231
2.32546;-4.39225
5.34726;-2.81758
5.13869;-1.98376
-1.29633;4.48474
6.02805;-1.28631
3.96222;4.55184
2.61248;-4.13448
10.8425;2.16274
7.71027;4.9269
14.2658;3.87318
3.2158;0.347015
8.28829;4.30153
6.38236;-4.41325
1.56503;4.82585
10.2798;-3.50601
-0.738561;-4.18054
-0.912481;1.09903
0.793043;0.897169
12.3763;-1.59896
6.24994;-1.11992
8.5858;4.05641
2.55523;4.57687
13.9047;-3.7623
8.82243;0.574575
-1.74076;1.35215
4.47995;-0.554843
-0.727903;-4.09454
3.15162;1.65096
-2.06739;1.15601
8.32448;3.00101
9.6;2.67035
11.8177;3.25175
3.19462;-4.17764
3.91373;-2.61534
3.1075;4.03083
6.9753;4.83813
11.3758;3.69667
13.8916;2.50917
13.9283;1.15462
1.89552;-4.40104
0.802296;2.0315
4.66254;-1.29407
10.1437;2.79081
14.7288;2.92917
3.53081;1.3337
7.28877;-3.90318
3.63925;-0.74934
12.8183;2.27343
4.7173;-2.00252
13.4048;2.79642
-0.104263;-0.0771686
10.5181;4.61555
2.91063;2.04956
9.5521;-1.94614
2.12371;4.70846
2.02641;0.210945
8.82308;2.19695
12.0004;-0.823081
5.50312;3.27377
0.0431175;3.43457
4.78257;2.53627
13.1647;3.11152
-0.561598;2.87995
6.2557;0.859953
-2.28487;-0.456957
2.9805;-2.59426
13.0406;-3.70907
-0.117571;-2.41463
10.9083;3.646
5.79013;-3.95533
11.8821;2.79206
6.958;0.0944234
5.50549;-0.827514
12.672;4.47676
0.687637;-4.12257
11.0425;1.55372
11.047;1.94272
4.89204;4.20064
5.19033;4.5502
5.64113;0.200107
3.80824;3.21697
9.51634;-1.94089
13.1202;3.62713
5.80008;1.84839
9.83329;4.78372
10.0605;0.627587
10.4067;-1.85133
-2.57935;-2.43521
8.97692;3.99335
-0.0791589;3.7674
13.8078;4.45289
6.13477;2.28449
8.17064;4.48637
8.34025;-3.78171
13.1745;-3.45427
7.26644;-1.8702
13.603;-1.97576
6.83163;3.27059
-0.818466;-4.1666
5.75176;3.42449
-2.77809;-2.48796
3.73025;2.6929
5.8308;-0.725913
14.5409;-3.01815
2.24357;-3.20075
-2.52772;-2.36178
-1.5749;0.570385
13.9062;2.14775
5.63385;0.907846
10.9567;-0.906681
9.22782;-1.21556
8.79118;1.21627
8.00592;-2.58796
4.55405;2.46004
1.25451;4.10584
7.20227;-2.13744
-0.881911;4.43661
-2.89492;1.27858
3.08343;4.81315
10.7566;1.47814
-0.8923;3.00969
12.3784;-2.63546
2.83594;3.03907
13.1285;3.13683
3.53101;1.87833
0.278184;-4.09951
-2.6916;3.45327
8.58964;1.47144
-2.30783;-3.89638
3.50177;-1.88925
14.4495;4.31602
6.4231;-3.67266
12.6366;0.528761
9.51649;-2.53667
6.17415;-0.133639
12.047;1.45431
1.502;2.05782
11.8147;0.956136
5.70991;2.33113
3.80773;3.54382
4.02845;0.823122
12.9997;-0.627774
4.15528;0.561068
-2.34883;-0.358294
7.73309;-0.724842
9.79412;0.874147
2.85697;-2.27424
8.75019;-2.65619
10.7454;-1.19259
4.21352;-1.90357
11.5398;-2.2514
13.2014;-3.95017
13.6859;2.36958
8.37973;-0.596675
4.95924;-4.40106
1.6367;3.41017
7.27337;-3.10854
1.32454;4.69845
9.22584;-1.87393
4.27609;-1.88279
9.12864;-3.40739
12.1415;4.99241
3.28744;0.192846
0.479145;-3.42711
12.1584;1.14335
3.95239;1.67403
11.9532;-1.77994
9.73995;2.69838
-2.83016;-1.27017
0.0348089;-0.209649
3.30713;-0.45115
2.11678;4.25082
7.30795;0.482922
13.0092;-2.10717
11.417;-1.71056
6.49271;0.0102179
4.35547;-0.9986
5.53129;2.70043
12.5259;1.83884
12.6758;2.19451
1.7031;-2.05737
3.38249;-3.62585
6.78194;-3.9076
12.2953;0.75233
4.24212;-4.32577
-2.91913;2.65099
5.00163;-1.7568
9.12976;-4.33661
11.639;0.851098
1.84336;1.33512
12.4242;3.06626
-1.39831;-1.97741
-0.0296945;0.847958
-2.57744;-4.23809
1.14341;3.99633
10.1806;0.16899
-0.273535;-3.67505
7.50279;2.10166
-0.314492;-0.384338
1.46019;0.739581
5.12822;-2.10333
2.47688;4.01297
6.73871;4.79239
13.4394;-1.134
6.74556;-2.76742
14.4337;-0.71597
14.6189;-3.95355
8.94939;-3.1335
8.16835;2.02964
0.0854044;3.5812
7.47026;4.08482
3.15826;2.46494
14.829;4.29333
4.70513;-3.17288
3.45915;1.92059
9.44218;3.19889
13.7064;4.95728
9.71721;-0.0428712
14.5257;1.38822
11.8228;0.393167
11.4394;3.02424
13.441;2.91964
12.2918;0.983818
13.6474;-0.0349037
1.76234;-3.58546
2.77194;3.53943
14.9988;1.7965
7.42933;4.90914
7.59125;-4.42903
-0.657616;4.49882
9.29979;3.30296
10.6378;1.30881
11.7036;-0.0904334
-1.54874;3.00992
-1.48841;4.08907
2.50058;3.91858
9.53048;-2.41972
9.00925;0.684
11.332;1.12435
-2.7175;-3.92244
9.38949;-1.3046
13.3269;2.03826
14.9846;0.121358
9.21612;1.08172
5.89073;3.18365
6.62629;-2.81611
8.34306;-1.72175
11.1967;-0.253141
10.619;3.75864
1.276;3.4856
10.922;0.659858
10.0816;-0.03898
10.7182;-0.7576
-2.72522;0.804236
14.7475;-4.20588
8.14445;1.90565
3.61171;0.498778
3.5253;-1.01859
-2.77237;-4.10869
14.1722;0.312464
12.2999;0.14367
9.30887;0.061578
11.0626;-0.0109531
13.6897;0.609737
3.15351;-2.93479
3.81222;-3.4046
9.74224;-3.50048
7.52795;-0.0347915
5.98469;1.20144
-2.48947;0.108675
8.36;1.65124
-0.130754;4.98507
0.126343;0.458234
3.56806;-2.72985
7.13597;-1.4704
9.47232;-0.575498
11.5388;-0.921038
13.0789;1.09519
12.2868;3.29452
-0.716974;-2.6843
14.7342;0.300269
2.51576;2.0848
7.98908;3.96751
-0.0631444;-3.45829
5.84643;-2.68055
7.70599;-3.3355
12.1024;2.66471
-0.821871;-4.3793
1.96979;0.116043
0.582667;3.47248
11.4865;3.97347
1.54166;1.31892
1.83618;-3.11693
0.626742;-3.37956
14.3891;-1.38096
2.5632;4.53731
12.005;1.34723
8.59979;-0.280897
6.12266;3.17212
6.96786;4.98368
14.984;-3.0888
-0.824493;3.46226
13.2491;-2.20225
12.3151;-2.80114
10.0998;-4.02619
-2.67536;0.559443
13.9527;-1.93167
-0.388365;-2.5003
4.48685;-1.20752
2.91185;-0.871025
9.14815;1.55628
2.99928;0.330834
1.554;4.78839
14.1472;2.71824
11.1357;0.310751
10.6457;2.95208
8.78896;3.85011
8.20611;0.797863
-0.825107;-0.00270802
10.2569;3.56166
6.41893;2.66806
3.86103;-0.081622
-2.55211;0.499462
9.16058;-0.312223
12.711;-4.46178
11.8107;0.70346
8.54747;-3.01696
-1.98765;3.998
-0.590971;-4.41577
8.77814;4.23194
6.2747;-0.581836
9.66446;-2.88307
2.24515;-1.40164
10.1017;-0.583868
11.3918;-0.0884846
1.69476;-1.43325
0.940245;1.59889
11.1823;-2.18404
0.02845;-0.0967906
9.32287;-4.10971
5.41535;0.320487
7.59868;-3.46407
8.94352;1.62804
-2.9357;3.07496
8.77062;1.75017
9.89728;-2.89274
-1.73367;-0.50908
3.10899;-1.06339
10.4323;-3.86101
10.9315;0.684923
6.56937;-4.16947
12.6347;2.63008
9.18205;1.7368
14.8978;3.52777
-0.839984;1.94977
12.95;1.08144
0.354172;0.0117996
9.53818;3.57378
-0.840301;2.15131
8.65024;2.85211
3.44491;-1.04436
13.9756;-0.430179
11.1093;-1.81644
11.2227;0.535833
3.29535;0.859173
-1.63436;3.87305
7.78049;4.47243
8.37435;-1.88088
7.81748;1.44916
-0.826957;2.34923
2.49271;-4.43506
2.55286;0.16919
5.67171;-4.45195
3.14458;1.21658
9.69352;4.89171
3.76173;-3.89916
3.34234;-1.47194
5.84968;-3.20609
7.82202;-1.82291
8.99319;4.53417
12.2266;2.55049
11.9821;-0.274032
9.35922;-0.0896557
9.96964;-1.76785
-1.37146;3.49197
-2.8458;-0.741562
12.2657;-1.48794
12.9681;-1.36636
2.7981;-2.3294
13.7688;-4.24053
0.907534;-1.58109
-1.36995;0.909657
8.26795;1.03097
9.70149;-2.34141
12.5521;-0.966699
0.20733;2.24433
-0.946496;-4.40002
-0.214176;3.10671
5.54587;3.81538
-1.41058;0.869826
9.89815;-3.57976
14.2957;0.864262
4.45067;3.55589
13.1013;2.49241
-1.62349;3.34813
10.7404;-1.7112
-0.599298;3.61218
12.5339;2.71401
4.85017;0.90202
14.7586;-1.64879
13.9301;-2.93464
-2.81899;-3.98089
0.155366;-2.93417
12.3963;1.67565
-2.2777;4.46469
0.87564;2.68857
-2.27066;-2.82626
2.78431;-0.182771
-2.56491;-2.44926
0.428783;-3.54388
-2.24426;4.56151
4.09564;-2.8341
11.5396;-2.05662
13.8251;-2.18317
11.865;4.25251
6.79208;2.78072
-1.45036;0.763575
11.7786;-2.0168
9.93993;1.92567
13.4062;2.71062
8.16067;-3.29568
6.28267;1.77529
2.45318;3.45202
-0.929972;-1.3923
-2.04741;-1.59785
4.69987;-3.59838
1.66798;3.30874
1.86477;-3.86266
-1.57493;-2.55258
2.59739;4.09752
-0.726448;3.62222
9.08509;-2.48221
4.36255;0.17808
5.52819;-3.2848
0.0386757;-0.840163
12.9647;2.9941
6.21631;-0.674996
5.08936;3.24223
1.31436;0.8619
-0.442252;-1.72022
12.6582;0.913742
3.97527;-3.27229
4.05313;1.74891
0.533782;-0.0253949
12.5299;0.319227
3.76824;4.89626
3.52063;-4.04963
0.626632;2.82723
6.71707;1.91505
13.1857;2.2322
-1.91075;2.96825
5.95509;0.939044
0.397735;4.49568
3.97504;-0.429729
6.20384;0.531193
9.97904;-0.878366
-1.2096;-3.46856
6.18823;0.167418
10.7943;2.21439
14.3217;1.47668
0.853176;-1.28585
8.12768;0.975064
3.9433;3.287
3.25698;4.29297
5.90913;-2.15527
8.41611;0.776926
-2.407;-3.24853
-0.696057;-2.39378
-1.58435;0.39724
8.70282;1.10473
-2.18823;-0.973462
14.4815;-3.12663
5.63617;0.0757087
8.4457;-2.16167
0.391773;1.18281
12.7548;-0.676277
13.8574;0.18795
14.6188;-1.43852
2.63674;-1.39892
1.46107;3.17699
7.31838;3.87963
3.54426;1.25878
-2.75161;0.169886
11.9021;-3.62176
-2.87281;0.0414914
9.28354;-4.00444
12.2868;1.70934
0.541124;-1.37399
-0.565162;3.40971
7.35348;-1.42484
4.75425;-0.220657
10.0716;-1.01052
13.9907;2.19766
9.41235;-2.05776
-2.43395;4.40542
-1.82672;1.24456
11.7506;-0.426854
0.795799;3.41614
13.5657;-4.13166
13.663;4.31016
6.30284;1.27736
14.6319;-1.02214
1.71166;-2.82536
9.51259;-0.728239
-2.84017;-1.9318
9.9731;-0.323121
9.9743;-0.254206
11.5257;1.81484
-0.265024;0.217326
13.5924;-2.75779
4.81152;4.87631
11.1854;-2.09221
4.48318;4.9901
-1.43886;-1.30751
-2.32085;-4.38168
1.74185;0.768272
8.17077;-2.19164
13.5716;3.88239
4.54674;1.35
2.02892;-0.43264
12.9503;-4.49893
12.6207;1.26575
5.04668;1.9106
1.88953;1.19032
0.0844916;-2.66234
11.0827;1.25067
0.247527;0.919292
12.4581;1.16343
7.24938;4.4824
13.7796;1.26784
14.2435;-2.64144
-0.089476;0.9964
4.89521;-3.71776
5.29665;3.64992
9.56635;2.53294
2.14853;1.05044
10.3276;-3.03848
0.441208;-2.71913
11.9156;-0.10322
11.1559;-4.49995
8.81263;0.903711
7.8961;3.44842
-0.493256;-0.0908168
4.79086;2.2324
4.37353;-1.03225
2.68466;-1.0077
7.09196;0.036347
14.0312;4.99323
7.07733;-0.632509
12.4291;-2.04917
-0.346553;-3.13957
12.1603;3.93444
2.34684;-4.18253
-1.64469;-3.30594
5.93226;3.68648
-0.737479;-3.05131
4.74985;2.44483
14.805;0.9132
0.512859;-0.491049
2.01271;1.24559
11.1664;1.14584
14.5034;-1.19698
-1.70744;4.22659
3.24551;1.50077
2.86248;-2.56061
13.0136;-0.00548428
3.25228;2.45288
3.49696;1.62176
10.7754;-0.355749
10.8616;-2.01541
2.3635;4.00993
4.45254;2.42093
8.28269;-0.669609
2.36993;3.30876
11.8535;0.979731
4.68193;1.31605
0.0800231;-0.707753
14.2782;-2.19225
2.71991;-1.58469
12.7425;1.61293
6.19837;2.76013
-0.901688;3.65451
5.9299;0.0363934
6.04977;-2.01665
13.4475;-1.90791
6.41293;-2.48862
0.0353962;4.40122
13.9244;3.05677
3.12305;-2.23355
8.11364;-2.92905
11.677;-4.08011
10.9964;4.87174
4.98088;2.50607
1.12957;2.73097
-2.2016;-3.51198
4.28318;0.776073
12.6281;0.451343
4.44742;-1.03885
14.9768;4.20685
8.26325;4.16838
0.408509;-3.08757
-0.764662;-1.09905
-1.45835;-3.88793
-0.238007;-0.454739
2.45404;2.82325
7.64125;-3.3753
11.6712;-0.996781
-1.11201;-2.04473
-1.08767;-1.32406
-2.64712;-3.06934
4.8896;-0.469858
9.7075;-1.5879
14.0175;-3.36268
9.07562;4.46922
-2.34789;-1.68226
12.4186;-2.3569
5.01505;4.81736
7.50452;0.543814
-2.18633;2.50177
14.2214;-1.19204
6.14215;0.70529
5.39871;-1.43184
13.5003;0.929095
7.46544;-4.2822
13.3043;1.20967
0.123401;-1.23101
-2.54563;3.8552
8.71153;4.72129
14.9858;-1.44567
13.4662;-4.16331
8.12602;2.82812
1.69855;-3.89777
10.5388;3.52385
7.69777;3.07492
7.4696;0.73512
-0.379816;-3.64936
-1.21817;1.31553
4.4251;-4.35108
0.305605;4.94223
-2.30517;-3.65034
7.70885;-2.48482
4.80374;1.3917
-1.35087;-3.70027
7.63515;-3.6371
4.30242;0.30351
-0.727103;-4.27388
1.98624;-0.820623
-1.43049;-4.2229
1.17453;1.9744
11.8775;3.22884
1.18645;4.7349
13.2559;-1.35007
7.5166;-1.50171
3.25044;2.79505
2.5715;-0.834439
12.4321;4.09241
7.7635;-1.73665
6.44358;2.05112
3.75109;-3.40289
11.0476;2.91713
8.18012;4.1136
11.482;4.03224
2.29195;3.97161
13.6914;0.496198
7.31874;2.66137
3.11061;3.15552
10.0666;-2.19547
-0.526526;-1.55331
7.04745;0.10429
-1.59459;3.74333
12.6692;4.38645
10.8993;-0.0494102
1.07331;-1.68015
-0.154664;1.21288
4.42161;4.41572
3.87792;-4.18242
12.2134;-2.72673
13.7681;-3.17771
-1.58865;3.65917
8.97186;1.69088
8.02839;-4.45647
5.23528;-1.28319
1.44895;1.15185
8.67821;3.15088
-1.56732;2.40525
9.11535;4.52599
8.92111;-0.270045
4.53457;3.9415
10.3575;0.978281
5.81883;-3.03323
6.27284;3.7844
0.380874;-1.07669
-1.94336;-3.36583
5.99166;-3.19745
14.6084;-2.93592
11.1981;1.11388
0.0459931;-2.16017
13.7318;-0.544335
12.1421;0.994189
0.991342;4.24781
2.49367;4.00075
12.6767;4.69113
3.12134;-1.74963
12.4092;-3.71948
12.5911;-1.21298
1.25802;-0.877351
0.924792;-0.46836
10.3502;-1.87091
6.78785;-2.20844
4.44941;0.459154
4.30542;-2.57494
-0.96688;0.963244
5.08084;-4.09628
14.8464;-1.74344
8.17499;-2.47455
0.797751;4.29735
-1.05561;-3.72184
13.0834;-0.243088
3.68564;2.62112
6.5446;-2.24282
-1.27931;2.78472
8.14073;-1.52044
0.441523;-1.07421
7.62691;2.48217
7.83287;-4.45972
1.62567;-4.42702
0.7238;-0.985639
7.4897;1.73023
4.42374;0.955137
14.0276;-4.184
11.1737;-3.00884
14.2674;4.00679
1.29976;3.60183
3.18386;1.29785
7.84349;3.80113
12.2622;2.13109
8.53109;-0.0651337
-2.79034;3.40221
11.8939;1.2193
7.20199;-0.421994
7.91288;3.32571
4.86503;3.22491
0.486452;-4.31278
5.44132;1.25816
7.69078;-0.558071
8.50893;-0.877057
7.29427;1.1875
1.98266;3.2024
5.12716;1.39344
4.57943;-3.98771
5.89498;-1.94471
10.5348;-3.21957
10.2445;2.75403
14.3987;0.850812
3.58105;0.567027
14.8651;4.73291
3.42835;-0.420192
11.1306;0.73281
5.08489;-2.08704
-0.17501;-4.09062
9.04084;3.06512
4.64019;-2.21203
4.11024;2.16206
-2.07087;3.54196
2.78937;-0.00936956
13.208;3.25007
10.3502;1.69763
14.1104;0.0360721
4.48736;4.21314
-2.26696;2.92499
5.1098;-4.1843
10.5623;3.17291
5.32833;0.615715
3.45294;4.16253
11.2649;0.396684
14.1889;-0.116436
2.61184;-0.89576
9.64081;2.21443
-1.54806;2.66191
6.95948;-0.678202
1.07851;-0.189358
0.92565;4.69846
-1.08959;-2.89763
5.02333;0.459932
-1.45481;0.12142
2.46617;0.595685
6.35455;-3.95718
3.19312;4.83263
7.72143;2.17431
13.0961;-0.812792
0.923989;3.56708
12.292;0.532801
1.11408;0.74231
1.25792;-1.56238
2.50274;3.00363
9.80732;0.556771
1.38493;4.33129
6.00992;-1.17746
-1.23096;4.48977
12.6931;-2.75082
4.78962;-2.83261
9.96921;4.54831
1.18777;-3.88655
13.827;3.36874
10.8084;3.37611
0.895488;4.85876
9.20815;-3.87328
6.26822;4.11451
8.12028;2.63879
0.888248;4.27326
6.74353;4.31155
5.20427;2.95669
12.4285;4.58526
-0.576195;4.5765
13.2474;-4.4383
-0.488193;-1.31378
0.276184;3.67054
2.18123;-0.560691
13.6434;-2.38452
1.37315;2.07175
-2.06857;-0.135995
9.18413;2.43477
6.45612;-2.67793
8.4618;-3.14024
13.9785;3.60142
-1.80059;0.103284
11.0456;0.463053
1.85048;1.5558
5.61787;-0.660796
7.67173;-0.876647
4.39119;2.45798
9.90236;1.13
7.66456;-4.45589
-2.86867;0.412507
1.09186;-2.12264
0.759653;-1.84882
9.77312;3.91477
-2.83715;-2.2679
-1.60388;1.63524
3.80563;-4.30229
5.97471;-0.275115
6.09661;-1.85038
14.4087;2.86096
13.4945;-0.263744
0.22137;0.337725
11.8919;1.10107
1.34976;0.669186
0.279936;3.42422
6.87783;-2.69961
3.32222;2.87289
4.91574;0.820991
-2.00704;-3.08088
5.02566;-3.88998
3.91811;0.472607
9.78048;2.74308
6.79638;-2.5181
0.728785;-4.0287
5.77551;-2.84409
11.8401;-0.663058
8.1641;-4.46756
13.4362;-0.248227
7.67402;-3.02963
14.8502;2.86459
14.8003;0.634257
14.3652;-1.26868
2.69775;-0.657269
13.2044;-0.968789
6.96983;-1.21192
4.84653;4.41308
12.6518;-3.11352
9.61168;-0.569
3.3822;4.12413
5.34121;3.4999
-1.52203;-1.76543
1.42771;2.1722
2.24276;-2.98849
-0.301936;3.90052
2.64989;-3.15506
8.87073;-1.62352
9.27637;1.43008
8.57268;4.98634
-2.48309;0.660118
3.66484;1.03467
13.0071;3.15878
6.37468;2.70888
14.1384;-2.39609
0.107148;-1.58636
-0.673182;1.54219
-0.321714;-2.49192
13.6297;-0.749616
13.4469;-2.45623
6.96991;-3.89573
-1.21082;3.74378
0.693229;2.7094
0.0699643;3.9284
3.89586;3.22806
12.9437;-0.587701
3.41971;-2.06771
14.8995;-2.16362
-1.88008;0.394717
-2.91424;-4.36367
10.2606;-2.81486
2.77888;3.72667
11.6413;-0.0364954
-1.60784;2.50409
12.5632;4.91504
14.1433;-0.524215
-2.01605;-4.00784
2.15286;-2.03149
11.5924;-0.160176
-0.353221;-2.65896
1.86547;-4.18835
7.90106;1.45607
2.19905;1.20031
12.712;-1.16499
-0.925218;3.8377
3.57728;3.59365
-2.00934;2.02131
9.92271;3.75018
-0.186676;3.05507
7.90283;-4.3013
11.1539;0.802139
4.90955;3.48942
7.97867;2.39405
-1.18496;-0.504148
0.285234;-2.14515
8.05937;-0.198241
2.05231;-2.40977
-1.56412;0.910441
11.761;4.55027
13.5703;4.38556
11.9456;-1.7832
11.1711;3.91082
14.5038;0.299532
10.5682;-3.27709
2.40873;-1.08473
-0.306424;-3.67528
13.5172;1.09609
13.7005;0.511709
2.66553;-4.22792
14.067;0.224016
1.97734;0.844453
14.1015;0.793425
11.0868;-4.2164
-0.718991;1.22522
14.6852;-4.05068
6.68358;3.22184
2.99896;-1.41001
9.56715;-1.59578
11.9486;-0.206336
4.81982;-3.25587
11.6064;1.04874
0.919924;2.42635
0.116522;-3.11701
1.61948;0.134974
0.13593;-2.55438
14.7328;-0.217998
10.8128;4.38477
-2.85709;0.724755
14.3716;-3.22071
-0.252683;4.50224
0.275268;2.06075
10.6877;0.39473
-2.71439;-0.143257
11.777;3.54026
13.3902;-2.07393
14.5915;2.35934
12.1102;-2.64676
5.12026;-4.38036
3.13181;2.22375
6.00875;0.391305
13.4262;0.113606
14.381;1.95945
4.57586;4.74873
1.13848;-0.833262
-1.05216;-0.865827
3.00437;-1.74336
-1.6833;-3.60695
11.4973;-3.65434
6.94699;1.45032
13.8365;-0.099795
12.8711;4.17032
0.333883;2.3512
-1.06064;1.54524
10.2079;-0.240216
3.19389;-2.27454
14.3389;-2.06163
9.95824;4.3244
13.859;-3.16256
13.2438;-2.91799
6.4816;-4.39884
6.8833;3.67315
2.41477;1.41111
14.1781;-3.49083
9.80231;0.316006
10.1864;1.6427
14.4623;1.33588
7.06677;-3.02424
3.03868;1.83657
11.2503;-3.84207
-0.922699;-3.21
2.46326;-3.75256
4.06428;-4.27754
-2.86388;-1.37382
-0.0444041;4.14497
5.92079;2.06408
13.5716;-4.07562
6.92317;-2.39608
9.00409;0.303438
2.89849;-0.907734
-2.77368;-3.92742
-2.5548;4.83566
9.14233;1.04798
-0.515211;-4.40447
1.5181;4.33242
-1.5724;-1.01909
-1.82068;-0.863156
5.01161;-0.149213
4.31236;-0.199811
11.1669;0.919199
3.52767;-1.81484
1.70515;-1.80871
2.89177;3.22051
6.08566;4.94504
2.72958;3.4083
3.70225;-1.35661
13.069;-0.727732
2.64451;0.889332
14.6594;-0.209539
7.39237;-2.29519
3.86441;1.73832
7.77293;-0.2547
-2.28916;-4.08594
13.2873;-0.265535
5.93226;2.07305
-2.70885;3.65941
14.5419;-1.86306
-0.440785;-1.63224
-1.37536;1.64591
2.32951;-0.618609
5.62903;1.8501
10.3101;-0.964908
-1.82078;-3.99618
13.9094;-4.05738
6.08391;0.409287
2.01617;3.91717
0.121781;3.83314
2.99204;-2.47723
13.5736;-2.24145
8.85582;-0.538552
13.7336;1.9109
1.96584;4.08983
14.1433;-0.528445
0.709113;-4.09471
-1.83007;0.270385
5.12213;0.671676
0.0703903;-2.68854
13.497;-2.25715
1.38685;3.63119
2.08826;2.60957
3.70828;0.832894
8.41908;0.688086
4.89353;4.6892
10.6627;-1.08677
0.69048;-0.531908
10.9731;-3.22064
-1.33454;-4.00447
-2.30049;-4.07317
5.46395;-2.17323
-1.42335;0.584551
10.4472;0.618798
-1.56715;4.21764
10.131;4.96299
-0.232751;4.74554
12.3364;-0.354038
9.98862;-2.36534
14.9599;-1.11816
10.8747;-0.355115
2.81881;0.533606
11.3206;0.518794
14.0558;0.932785
8.93335;-4.11931
8.2326;2.16734
-1.46995;-3.6046
14.0415;-2.86036
8.33044;2.09127
9.80547;2.23618
8.00636;-0.311303
9.69317;2.7694
4.45434;0.79336
0.629116;-3.21066
11.0742;-2.60578
5.85066;0.750774
8.44252;3.24222
-1.51381;-0.402781
3.17877;-4.21392
-2.94315;-4.44083
-1.73665;1.45832
9.74497;-3.02571
9.98601;1.72062
2.90009;-1.16632
3.27517;-4.12762
-1.92026;4.62081
5.64204;2.76904
10.0551;3.99531
2.80244;4.30558
-2.46066;-3.50958
-0.726695;0.455831
8.82543;2.73891
3.05947;2.52558
0.478976;1.95907
10.8537;-2.63387
9.35035;3.47843
11.8253;-0.755252
14.9104;0.678179
-2.11825;-1.43334
13.1277;-0.722737
3.51607;4.58172
3.43845;3.50011
9.98039;-3.71172
10.2545;-4.08684
-2.82217;2.78007
-0.34058;-3.20634
2.18382;3.14478
13.167;1.43396
6.79647;-3.63131
2.48152;-1.51799
2.18176;4.91126
-0.23285;-3.44073
3.92718;-3.08684
8.81833;-0.378621
5.48807;0.749311
11.9658;3.41885
6.15354;-2.70329
9.16224;-2.3182
1.89787;-0.585619
1.91676;-1.82116
0.210541;-0.501462
4.52684;-0.0696451
1.06102;-1.49494
-1.36236;2.81368
4.33974;-0.742666
-1.49237;2.10857
3.95102;-2.24387
11.5285;2.8246
3.95234;-0.0947057
0.687127;3.64911
-2.70706;-4.15537
9.44455;0.485639
1.05727;-1.01308
10.5804;0.226325
11.0235;-4.23761
11.0308;4.59575
5.07334;-2.62233
4.62841;1.90425
6.25149;0.390415
4.99185;4.25649
13.3852;0.513615
8.11274;-1.68366
10.7743;-0.467099
-1.78557;-3.06096
12.9882;-1.91307
-2.83299;4.0928
2.55453;2.1561
4.72757;0.572895
-1.78165;-2.75413
-2.43306;3.54432
0.805131;3.20439
11.4759;1.76919
-2.84452;-2.33383
3.01283;0.464794
10.3704;2.89136
4.99821;1.70433
2.50417;-3.91366
14.0918;-3.82528
5.75224;-4.33837
1.00502;-0.942568
2.2078;-2.29809
2.02149;1.18012
13.7836;2.22867
-0.625867;-4.49897
13.057;-2.94777
12.2438;-3.51719
14.5389;1.68541
10.7406;4.83869
12.8241;-3.57456
6.10133;1.40817
12.7581;4.52476
1.95001;-2.77822
-2.7895;-2.36682
1.54074;0.230333
1.34806;0.0102636
12.7031;0.543373
9.7178;-3.062
-0.681803;1.57018
12.4737;-2.02349
8.50335;2.64121
4.63341;0.116558
12.3929;-0.714632
-0.533109;1.37602
3.86663;-4.34645
9.88698;3.92753
8.48537;1.11826
12.0675;4.17423
10.9074;3.56339
-0.522804;-4.26346
3.24073;-0.897779
5.99394;-2.41851
13.3811;-2.54102
3.66849;-4.13091
12.2131;-2.31385
2.39165;0.10037
14.6729;2.37434
14.4637;3.45139
-0.802665;-3.4811
5.1993;0.283758
-0.778514;-2.87113
4.03192;2.73417
10.7314;-2.33642
9.14223;0.587174
-1.62258;3.21581
7.08704;-0.479307
0.444685;-3.92948
8.56202;-3.53638
1.79273;-4.37834
-0.474868;-3.44135
1.3727;-0.321697
7.72236;-2.36482
-0.0581561;0.87595
-1.88861;-1.78766
9.11655;0.413974
11.2031;3.0673
9.39697;-2.79261
7.04489;-0.210019
4.33448;-2.29013
14.7672;0.0979491
-2.19345;0.70087
13.3301;-2.25629
7.93526;0.720821
1.84403;-0.252446
2.40592;-1.0442
3.46304;-0.389411
3.2943;-0.838198
1.07512;-1.83769
1.36698;-1.81641
1.91666;-0.360135
2.52263;-1.68854
2.54123;-1.40445
1.83864;-1.65092
2.87338;-0.514148
2.01789;-0.527159
1.5673;-1.09607
1.7097;-1.73171
2.72036;-0.21721
2.70927;-1.94848
2.91293;-1.50785
2.25914;-0.499227
1.12842;-1.15725
1.82822;-1.83717
2.25633;-1.04384
1.43303;-0.261603
1.74503;-0.43547
1.06232;-0.171
1.2001;-1.27924
1.2226;-0.341218
1.25827;-1.00761
2.41453;-1.33954
3.37041;-0.300616
2.16094;-0.727384
2.85272;-1.70384
2.65517;-0.987482
1.98538;-1.66855
1.64161;-1.10896
2.46775;-0.824134
2.31735;-1.82073
1.16503;-0.599702
3.39708;-1.27196
2.20603;-0.0324806
1.6963;-0.875093
1.86035;-1.26488
1.97961;-1.1051
3.1594;-0.0846885
2.9442;-0.376158
3.01837;-1.51589
2.12057;-0.903131
1.97533;-1.77941
1.13673;-0.431424
1.69005;-1.37732
1.57452;-0.273757
3.24818;-0.486505
3.38189;-0.0694343
2.14224;-0.176825
1.82326;-0.121379
3.23837;-0.78435
2.25441;-1.52102
3.43846;-0.212783
2.71735;-0.321712
3.12816;-1.07077
2.62766;-0.682777
2.76668;-1.80141
1.51762;-1.80639
1.52398;-1.47652
3.20273;-1.02878
2.4327;-1.7782
1.87183;-1.0553
3.16912;-1.39703
2.09408;-1.35091
1.53269;-0.466125
1.65964;-1.78316
1.93691;-0.468761
1.86978;-1.2997
2.64807;-1.9303
1.47323;-0.979016
2.24867;-0.319287
1.42276;-1.58773
3.34913;-1.2477
1.75735;-1.70152
2.59472;-1.63193
2.58713;-1.57806
1.73734;-0.0328332
2.7083;-1.67484
1.71268;-1.75809
2.21782;-1.00371
3.21973;-0.498034
2.51642;-1.47469
2.29151;-0.0910432
2.532;-1.64834
3.47332;-0.395815
2.7158;-1.02241
2.60612;-0.28915
2.73733;-0.8358
1.57894;-0.00425208
2.82835;-0.261071
1.45477;-1.26761
1.20108;-1.04632
1.87444;-0.472497
2.59856;-0.730307
3.21176;-1.7469
1.33248;-0.45481
3.19384;-0.520881
1.08812;-1.21173
2.73509;-0.703902
2.42492;-0.633268
2.12535;-1.48742
1.4304;-1.81482
1.27928;-0.265812
2.68673;-1.31342
3.16242;-1.18794
1.53188;-1.90625
2.93056;-1.41363
2.30929;-1.756
1.14234;-1.67372
2.89212;-0.116717
1.72423;-0.22032
2.78559;-1.66555
2.5735;-0.50103
2.40341;-1.35313
1.99383;-1.73734
1.01701;-0.304649
1.96904;-1.64207
3.35067;-1.00134
1.11515;-0.770084
3.10655;-0.177946
1.05248;-1.88926
3.39476;-0.413569
1.87139;-1.03676
3.28804;-1.18901
2.6119;-0.65587
1.86784;-0.131097
2.40476;-1.87726
1.25419;-1.61739
3.02714;-0.673919
2.28686;-1.58322
2.98592;-0.956909
1.14017;-1.63603
2.75128;-0.00733308
2.70329;-0.50686
2.52823;-0.952126
2.64399;-0.735437
2.44827;-0.769002
2.06374;-0.144268
1.2428;-1.31857
1.8334;-0.516244
1.03195;-0.639009
2.69082;-0.850631
2.85467;-0.443985
2.91497;-0.89455
2.10262;-1.43854
2.90279;-1.52917
3.00569;-0.365634
2.04351;-0.994424
3.03379;-1.80256
1.62339;-1.15038
2.55665;-0.186091
1.14272;-1.59607
2.30613;-1.03483
1.32458;-0.760856
3.05825;-1.07361
1.90362;-0.32784
1.35922;-1.92444
2.02691;-0.228888
3.03947;-1.64649
2.0957;-1.48633
2.14371;-1.60121
2.23063;-1.48048
1.04145;-0.180689
2.90638;-0.339806
1.02094;-1.97618
1.63726;-0.737929
3.29716;-1.37601
3.08251;-1.11737
2.98645;-0.074329
1.15222;-0.764235
2.06507;-1.15532
2.13491;-0.860568
2.15029;-0.270547
2.13818;-1.44819
1.1037;-0.212894
2.33185;-1.00207
1.23238;-1.95002
2.89682;-1.78094
3.33662;-0.957445
3.34907;-0.113952
2.33296;-1.61093
2.43515;-1.0959
2.26632;-1.18588
3.23341;-1.39778
1.92474;-0.0914973
3.29748;-0.408148
1.94147;-1.25409
1.91411;-0.326587
1.5942;-0.358171
1.28153;-1.44168
2.78617;-0.709299
2.94532;-0.385164
2.67585;-0.926292
3.29237;-0.790024
1.14533;-0.286846
2.37003;-0.817366
1.12778;-1.75586
1.10841;-0.884723
2.32284;-0.126543
3.14687;-0.201936
3.22745;-0.44452
2.73739;-1.46486
1.37674;-1.8788
1.26069;-1.22325
3.20379;-1.56623
2.66884;-0.808037
3.15559;-1.10868
2.0085;-0.934844
3.45629;-1.3593
1.34392;-1.9187
1.44231;-0.628843
2.57991;-1.54393
3.01913;-0.64934
2.96419;-1.32643
2.53015;-0.711154
1.58954;-0.993924
2.05541;-0.138451
2.92652;-0.854286
3.47844;-0.250236
3.40308;-0.254222
1.22942;-0.742465
2.17218;-0.0919897
1.18607;-0.25546
2.21646;-1.88611
1.48155;-0.751701
1.24398;-1.26091
1.77432;-0.540882
2.49395;-1.76524
2.01222;-1.23349
2.13541;-1.96611
1.0692;-0.62004
2.29996;-1.10032
2.55189;-1.41882
1.05675;-0.775742
1.41368;-0.0321389
2.21255;-1.48552
2.53175;-0.0922227
1.52812;-0.625744
3.0654;-0.604338
2.86019;-1.96244
1.80495;-0.316664
1.97081;-0.736583
2.42807;-0.0281943
2.87272;-0.0477682
1.9229;-1.5935
3.48266;-1.20633
3.23307;-0.973904
3.1167;-0.972031
3.0091;-0.261245
1.31528;-0.061772
3.13327;-0.777737
1.56589;-1.06799
2.41255;-1.12479
1.38284;-1.21764
1.33859;-0.205583
2.02489;-1.08517
2.84719;-0.403442
1.22281;-1.37979
2.96045;-0.32358
1.71555;-1.69332
1.10365;-1.44144
2.37544;-0.13062
2.98083;-1.20629
2.12169;-0.808059
1.66558;-0.850424
2.41271;-1.76092
1.4648;-0.417118
2.46387;-0.49812
1.57261;-0.522637
1.3553;-1.27104
2.58972;-0.895849
3.05474;-1.25047
1.87589;-0.177963
2.71217;-1.73093
2.87307;-0.0578231
1.71969;-0.418623
1.62593;-0.323893
2.81345;-1.9146
1.58727;-1.65189
2.59668;-0.997715
2.8721;-1.59249
2.55171;-0.130477
3.48799;-1.58754
2.71425;-1.55152
3.36228;-0.34436
2.47181;-0.838397
1.94974;-1.17877
3.38892;-0.539499
1.80409;-0.719126
3.16197;-1.85827
2.52881;-1.69467
3.15388;-0.276208
3.47679;-0.826137
3.26149;-1.54875
2.90246;-0.913462
2.81692;-0.980346
2.86756;-1.3051
2.11147;-0.515554
2.38421;-1.73942
3.41616;-1.00281
3.39527;-0.889625
1.19849;-1.32399
3.41451;-1.93007
1.17064;-1.42512
2.6885;-0.133915
1.89576;-1.42615
1.21426;-1.56029
1.37205;-1.84716
3.01697;-1.89316
1.75512;-0.864452
2.49172;-1.94237
1.194;-1.31257
1.94067;-0.955621
1.21484;-0.140099
2.6312;-1.8952
2.07136;-0.778821
2.51897;-0.984117
3.37149;-0.85321
2.35726;-1.9663
3.15209;-1.56339
3.37473;-1.56172
2.26308;-1.9288
2.09749;-0.691892
1.28005;-1.50843
2.76868;-1.17186
3.0339;-1.39168
2.10721;-0.217678
2.61969;-0.361693
2.03338;-0.532376
2.87276;-1.86834
2.96554;-1.6447
2.69105;-1.21239
2.71398;-0.74997
3.418;-1.54301
2.60466;-0.343932
2.117;-0.816481
1.11793;-0.095933
2.5684;-1.02766
2.51522;-0.521241
2.82989;-1.37288
1.38362;-0.908968
2.5443;-0.807333
2.09169;-1.46881
2.03872;-0.299945
3.49852;-1.67082
3.28964;-0.428754
1.8556;-0.815445
1.44857;-1.94434
1.54323;-1.70675
1.64082;-0.281684
3.43665;-0.593744
2.12729;-1.95633
2.6379;-1.84345
2.27001;-1.4775
3.04414;-1.52008
2.43702;-0.0577913
2.96369;-1.61494
2.41859;-1.55569
2.14532;-0.0341503
1.18045;-1.08493
1.36879;-0.0239206
1.6079;-1.02049
2.45079;-1.15482
2.29397;-0.404781
2.42303;-0.452175
2.64192;-0.912252
2.1926;-1.78463
2.41427;-1.7356
1.4649;-1.85257
1.98363;-1.99277
1.78418;-0.0634793
3.4368;-1.8017
1.40198;-0.915681
1.80326;-0.76216
2.31271;-1.21303
1.19114;-0.654799
1.95382;-1.36076
1.40589;-0.0763119
2.85551;-0.640116
2.89863;-1.37716
2.13464;-1.16756
3.13823;-0.138209
2.30977;-1.158
1.15774;-0.580264
2.23679;-1.0869
2.78371;-0.383224
2.06202;-0.623586
3.26885;-0.828799
1.57592;-1.54231
1.5113;-0.489098
2.55583;-1.43805
2.07013;-1.99228
2.50149;-0.819185
3.41426;-1.3144
1.67587;-0.549688
2.63555;-0.551591
1.35344;-0.980974
2.63775;-0.669433
3.32629;-0.563605
1.93788;-1.14954
1.43687;-1.82273
1.58404;-0.80089
2.94211;-1.71769
1.46289;-1.98558
1.925;-1.22065
2.90665;-0.0153347
2.67663;-1.61857
3.49048;-1.4575
2.9528;-0.0762121
2.53512;-1.89706
2.71763;-1.46346
2.93919;-0.343145
2.94446;-1.13845
2.23428;-0.583407
1.37243;-0.262276
1.33381;-1.35257
3.39375;-1.26572
3.30818;-0.531317
2.27075;-1.78314
2.85388;-0.243401
2.24526;-0.991575
3.17658;-1.66249
2.73731;-0.266353
2.10001;-1.04791
3.07179;-1.89189
2.31879;-0.968465
1.80581;-1.39362
1.86049;-1.79979
2.83491;-0.324189
3.021;-0.234132
2.76692;-0.116146
1.51663;-0.671469
1.77267;-1.74015
1.99652;-0.365264
1.59588;-1.71968
2.73917;-0.527089
2.61093;-0.8674
3.26303;-1.32141
2.08281;-1.30956
3.03835;-1.47632
1.99818;-1.31429
2.94402;-0.556809
2.61511;-1.75639
3.05425;-1.23999
3.39927;-0.739795
1.65735;-0.667049
2.43007;-1.06082
1.82685;-0.237802
2.49879;-0.541304
2.74617;-0.324263
3.17377;-1.21173
2.43581;-0.972245
3.40109;-1.04093
3.13293;-1.21288
3.06189;-0.662972
2.6385;-1.55195
1.02842;-1.13399
3.36406;-0.685172
2.38702;-0.465354
1.09355;-0.970964
1.99356;-1.39928
1.45248;-0.0610901
2.92488;-0.976531
3.12639;-1.26106
1.60271;-0.901957
1.51835;-1.77882
3.35789;-0.436675
2.56117;-0.192818
1.653;-1.04472
1.74287;-1.82809
1.36539;-0.0949053
1.77495;-1.68495
1.96389;-1.48879
3.03735;-0.119273
1.05732;-0.295283
2.1372;-1.1593
1.3818;-0.728251
1.97452;-0.154652
1.36902;-1.51928
1.73036;-1.22262
2.97345;-1.00104
2.2482;-0.534924
1.70286;-1.7525
2.59032;-0.915312
2.50347;-0.133444
2.57074;-0.504913
3.21456;-0.123443
3.26267;-1.45724
1.4847;-0.559988
1.52936;-1.56638
2.43091;-0.666752
2.5929;-0.54983
1.75625;-1.94607
2.6194;-1.09978
1.66832;-0.120194
3.097;-1.88658
2.09846;-1.32384
2.97312;-0.55894
2.15457;-1.14925
1.65718;-1.87356
1.89663;-0.217657
3.02691;-1.51104
3.07362;-0.568339
2.28965;-1.95334
2.08959;-0.544798
1.60035;-1.9836
1.98556;-0.245403
2.83322;-0.606552
3.26066;-1.23791
1.36708;-1.65682
1.80237;-0.0287365
1.57075;-0.479334
1.80928;-1.96491
2.20216;-0.428914
2.10731;-0.512526
3.12191;-0.396846
2.58727;-0.680951
1.11514;-1.07128
1.93839;-0.876171
2.21922;-0.377617
1.72379;-0.544344
3.04848;-0.632519
2.51282;-0.894642
1.95116;-0.981218
3.33431;-0.945408
2.70246;-1.49066
2.28232;-0.181434
1.03751;-0.326718
3.31708;-1.00826
2.55546;-1.26049
1.59901;-1.05811
1.42833;-0.250974
1.32618;-1.56523
1.84718;-0.988349
2.94825;-0.34688
1.79254;-1.86237
2.38597;-1.72718
2.88139;-1.68097
2.72272;-1.73396
2.67226;-0.754372
2.65079;-1.30022
3.19371;-1.65351
1.64793;-0.215019
1.02471;-1.628
1.9709;-0.735863
2.38939;-0.744073
1.25754;-0.545831
2.25619;-1.53303
3.36118;-0.317305
2.84828;-0.552457
2.66977;-1.88734
2.98147;-1.55541
1.48185;-0.909713
1.95452;-0.236344
2.69541;-1.89857
2.2616;-1.32304
2.00151;-1.23575
2.27931;-0.680451
1.68655;-0.956785
3.11444;-0.674046
1.38419;-1.19694
1.72735;-1.48662
1.32154;-0.413166
2.22544;-1.85383
2.58691;-1.54103
2.99214;-1.39466
1.71453;-0.821112
2.31242;-1.0429
1.33647;-0.186447
1.90095;-0.374499
3.39373;-0.269956
1.37808;-1.28381
1.61787;-0.674093
1.04467;-0.956465
1.4614;-0.272711
1.46186;-1.32353
1.66294;-1.04863
2.48732;-1.21242
1.67276;-1.8298
2.16719;-0.192267
1.78647;-1.47254
1.51634;-0.799196
3.13294;-0.536991
1.19739;-0.0244763
2.5957;-1.12133
3.00128;-0.808455
1.76089;-0.0965148
3.38467;-0.896988
2.53674;-0.0565278
1.18318;-0.401486
3.08845;-1.48396
1.34373;-1.79889
2.83426;-0.535158
2.23586;-1.99439
3.04381;-0.0775638
3.26668;-1.73578
1.56237;-1.77358
2.83128;-1.84375
3.11178;-0.377064
1.16471;-1.03401
1.62701;-0.267204
1.19692;-0.889682
3.04535;-1.93473
1.26666;-1.13433
1.01093;-1.64012
1.58023;-0.320498
2.09489;-1.26083
3.35076;-1.65668
1.25502;-1.1307
1.43616;-0.160938
1.98967;-1.83773
1.12911;-0.758366
1.48587;-0.431687
2.74735;-1.92188
2.48906;-0.470348
2.30514;-0.307146
2.57806;-0.798356
2.00397;-1.10127
2.58364;-0.983498
3.2055;-0.724348
2.72047;-1.77141
2.19394;-1.74771
2.2097;-1.16423
1.74452;-0.82822
3.13133;-1.05546
2.26355;-1.5032
2.38352;-0.885873
3.17304;-0.504489
1.85305;-0.863685
2.96704;-0.126311
1.83246;-1.38226
2.95818;-0.0715838
3.27423;-1.63029
2.03393;-0.913702
2.73277;-1.40845
1.45244;-1.2374
2.02517;-0.682896
2.26861;-0.212098
1.19109;-0.389496
2.1996;-0.142065
1.69381;-0.0294765
1.44342;-0.338133
2.35581;-1.90683
2.44672;-0.232909
2.53686;-1.26899
3.05097;-0.104547
2.68594;-0.792677
3.27984;-0.831861
2.9713;-1.34899
1.31805;-1.03675
2.5532;-1.38361
3.15731;-1.9373
3.41686;-1.25926
3.31325;-1.91364
1.43906;-1.18972
3.43037;-1.0937
1.97601;-1.70097
1.7102;-0.134541
1.49025;-0.274458
3.04069;-0.378315
1.57069;-0.72667
2.89642;-0.194694
1.60082;-0.658993
2.21681;-1.94231
3.49003;-0.772119
2.27618;-0.765415
3.30534;-1.2532
2.62161;-0.22224
2.85942;-0.852111
3.33015;-0.161214
3.44772;-0.191583
1.93135;-1.26102
1.13431;-0.686755
1.75555;-1.50035
2.29848;-1.76301
1.15167;-0.504661
2.8879;-0.361529
2.62581;-0.00902837
2.22435;-1.72591
1.06083;-1.0285
2.87746;-0.930394
1.25761;-0.653761
3.2705;-0.49663
2.405;-0.696058
1.81407;-1.01188
2.42841;-1.39057
1.99567;-0.112191
2.68552;-1.09602
2.50132;-0.0471459
2.75454;-1.76016
1.2373;-0.475034
3.16897;-0.299837
2.4543;-0.964176
3.11392;-1.85709
2.63739;-0.260204
2.39302;-1.18812
2.01175;-0.679502
1.19765;-1.37419
2.02984;-0.717878
3.41218;-0.524872
1.3378;-0.927526
1.1057;-0.93322
2.20035;-0.567026
3.46346;-1.83866
2.73229;-0.625603
1.50147;-0.424328
2.1242;-1.86364
2.59479;-1.9372
2.46523;-1.03303
1.25714;-1.5179
1.88346;-0.679871
2.61747;-0.48383
1.80078;-0.547898
1.17747;-0.535504
1.91778;-1.92828
2.17453;-0.995534
2.43024;-0.975816
1.08906;-1.89552
1.57145;-1.95799
1.33227;-0.157014
2.77051;-1.33301
2.77332;-1.68423
2.00419;-1.30551
1.47321;-0.0244662
3.07683;-1.41571
1.57204;-1.63177
3.38052;-0.248392
3.3555;-1.45496
2.50464;-1.97362
1.01192;-0.0620666
1.12262;-1.05084
2.178;-0.757705
3.46668;-0.986354
2.68347;-1.5695
2.31957;-0.387408
1.34186;-1.52794
1.34948;-0.307853
1.98479;-0.917061
1.4833;-0.833594
2.32309;-1.95189
3.18836;-0.483899
1.52042;-0.344895
2.58464;-1.69926
1.25018;-1.52858
1.4089;-1.79032
1.51169;-1.57478
2.44855;-0.648248
3.08439;-0.867814
1.45675;-0.985711
2.95336;-0.578946
1.7836;-0.163825
3.3664;-1.09353
2.9104;-1.31905
3.48676;-0.085037
3.3092;-0.952122
3.45384;-0.401948
1.70497;-1.62059
2.56645;-0.168312
1.85019;-0.546696
1.37888;-0.992728
3.07873;-1.28754
2.79061;-1.17817
1.08026;-0.899995
3.44252;-1.57039
1.14287;-0.483297
3.31333;-1.25883
2.6911;-0.256219
3.05955;-1.1188
1.53092;-0.362955
1.9952;-1.7279
1.85615;-1.24077
3.33769;-0.751098
2.4233;-0.876693
2.35074;-0.181206
1.72076;-0.616304
2.03258;-1.7604
1.12019;-1.74144
2.32678;-1.83964
2.6982;-0.984558
1.73747;-0.527145
1.66518;-1.55937
1.26754;-0.114976
1.23052;-0.138331
1.95778;-1.39085
2.87339;-0.437613
2.10156;-1.81636
1.40202;-1.2486
2.79067;-0.539738
3.34338;-1.48687
2.59882;-1.54868
3.37103;-1.89488
1.86364;-0.00701955
1.4546;-0.24766
1.19168;-0.277759
1.95973;-1.25668
2.49387;-0.700072
2.47994;-0.590876
2.48119;-0.631631
2.58849;-0.0488251
3.4719;-1.23049
2.89195;-1.14123
2.19143;-0.164819
3.01271;-1.61432
2.6193;-0.515126
2.12352;-1.4255
3.42024;-1.20436
1.84953;-1.3729
1.98577;-0.9567
1.4743;-1.05804
1.95693;-0.852776
3.1066;-0.0393638
1.55894;-1.13077
2.7122;-0.367897
1.297;-1.35945
2.9791;-1.78488
2.76257;-0.90316
2.34237;-1.6368
2.16503;-1.31594
1.93611;-1.77254
1.21117;-0.352302
2.00245;-1.89487
1.55417;-0.518417
1.91529;-0.768046
1.6561;-0.888328
1.2174;-0.709577
1.32362;-0.140801
2.56382;-1.29395
1.91054;-1.37918
1.42269;-1.03396
2.57672;-0.0785707
2.47645;-1.32857
2.27284;-1.74494
2.29329;-0.0497106
2.1739;-0.216479
1.22219;-0.891942
2.78902;-1.02029
2.51648;-0.125445
1.57662;-0.0545848
2.38314;-1.01382
2.32136;-0.719574
1.34575;-0.684017
2.42453;-0.472338
1.02754;-0.131942
1.1856;-1.63982
2.04262;-0.590147
1.35201;-1.98475
1.10161;-0.70012
1.33789;-0.88408
2.56271;-0.790568
2.1243;-0.572078
1.39686;-1.66934
1.50955;-0.469324
1.25652;-1.13107
2.84511;-0.688277
3.31889;-1.46682
1.74019;-1.86829
3.31145;-0.268225
3.07422;-0.128809
2.99979;-0.192143
1.28922;-1.56607
2.52214;-1.48702
1.56148;-0.701004
3.26608;-1.28051
1.51865;-0.936968
3.41116;-0.685643
1.61369;-1.75359
3.05627;-1.10141
3.22136;-0.149768
3.2094;-0.746819
2.45244;-0.377365
3.23295;-0.245895
3.19294;-0.364482
2.85735;-0.586274
2.88339;-0.914288
2.52698;-0.261919
2.89955;-1.56071
1.31383;-0.0311789
3.17286;-1.93607
1.86039;-1.84679
2.4087;-1.38276
2.83445;-0.382087
2.07957;-0.887419
1.64563;-1.35926
2.20352;-1.71597
3.3674;-1.87523
3.38333;-0.319719
3.34859;-0.338989
2.64475;-0.635247
2.34342;-1.17749
1.56308;-1.70368
1.70074;-0.0298957
1.91952;-1.18835
3.42366;-1.52609
2.09448;-1.37276
1.78389;-1.99746
2.5556;-1.90532
3.02556;-1.89187
2.50907;-1.86305
1.93609;-1.82993
1.52622;-1.3572
1.36855;-1.67236
1.40385;-1.82629
3.48582;-0.361122
2.92308;-0.93661
1.57673;-0.0110713
2.69964;-0.978024
3.44879;-1.90467
3.29204;-0.102042
1.71154;-1.29079
1.6565;-0.803654
1.88969;-0.230324
2.61378;-1.6678
3.34726;-1.50172
1.58644;-1.37332
1.83544;-1.10986
2.58684;-1.03681
2.52222;-0.407446
2.42112;-0.793571
2.53929;-1.32464
1.33727;-0.307183
1.83036;-0.37047
1.89349;-1.37668
3.15607;-1.45158
1.6516;-1.70591
2.57204;-0.953521
2.86305;-0.0306187
2.02019;-1.21854
1.37698;-1.30604
2.59967;-1.22926
2.6508;-0.051913
3.07609;-1.40988
2.13909;-1.12135
1.22834;-1.95183
1.10635;-0.585899
1.90442;-1.6451
2.38365;-0.612178
3.48053;-0.178288
1.01393;-0.290716
1.46267;-1.46757
1.00422;-0.372234
2.97363;-0.506189
2.99643;-1.60494
1.34409;-0.10127
2.36128;-0.444992
1.83683;-1.59034
2.87887;-1.66966
2.24972;-1.58563
2.51124;-0.817553
1.57818;-0.705934
1.74569;-0.813927
3.0612;-0.296533
1.71737;-0.366612
2.90647;-1.41496
2.67834;-0.104687
2.39683;-0.653953
2.90385;-1.30363
2.04982;-0.879773
2.36429;-0.884872
2.2737;-1.81955
1.83767;-0.311576
1.73764;-1.82677
1.02345;-0.410108
1.7345;-0.772248
1.96542;-0.949858
1.65227;-0.631113
1.29527;-1.82922
2.34044;-1.18989
3.25521;-1.40247
2.74394;-0.853159
1.61606;-1.48738
1.61611;-1.98408
2.51124;-0.667255
2.42019;-1.69958
1.55984;-1.84489
1.60109;-0.88199
3.30441;-0.92901
2.61405;-0.137706
1.8261;-0.121156
2.36256;-0.56678
2.16123;-0.388136
2.00263;-0.8348
3.22831;-0.12554
3.46914;-0.413187
1.58999;-0.629541
1.91707;-1.03516
3.35385;-0.773459
2.22595;-0.907934
1.69911;-1.88309
2.74061;-0.99284
1.34002;-0.126637
1.15646;-1.88445
2.18044;-0.583587
3.4723;-0.394766
2.61907;-0.932111
2.29807;-1.77576
1.84969;-0.159439
2.7368;-1.5376
3.14378;-0.63525
1.06151;-1.81299
1.91901;-1.21714
2.43981;-1.38171
1.01176;-1.86739
3.13794;-1.43131
1.3119;-0.89716
2.96981;-1.47846
2.22025;-0.298978
1.79636;-0.0794444
2.39679;-1.38507
2.90724;-1.58731
3.10353;-1.43576
1.79617;-1.63743
1.50601;-1.97363
2.03121;-1.88017
2.7389;-1.12582
1.38355;-1.87367
3.07131;-0.541309
1.93077;-0.333548
2.98913;-1.54503
1.29393;-0.159176
2.94726;-0.189004
1.45296;-1.46599
2.89002;-1.00055
1.56821;-1.37055
3.01798;-0.0196426
2.30268;-0.702793
1.68075;-0.320923
3.07473;-1.05059
3.13181;-1.51525
2.33654;-0.903428
2.69867;-0.623926
2.52863;-0.984019
2.04346;-0.0324776
1.85304;-1.57393
1.52812;-1.08242
1.33361;-0.0196989
1.91072;-1.37075
1.64289;-1.75941
3.03589;-1.03112
2.08756;-0.756905
2.18655;-0.0878087
1.67538;-0.506161
2.98908;-1.79992
1.55406;-0.703283
1.85604;-0.48752
1.49161;-1.95623
2.11069;-0.383806
2.32469;-0.276682
2.97965;-0.257815
1.18673;-1.99379
1.8247;-1.58373
3.48314;-0.611662
2.30691;-1.49918
3.03616;-1.32576
2.83713;-1.50102
3.39667;-1.58106
1.51396;-1.54236
3.39098;-1.99756
1.82215;-1.64397
2.62394;-0.657446
3.33563;-0.307555
2.73291;-1.24294
2.6358;-1.55392
1.60047;-1.10764
1.23533;-1.37024
2.1232;-1.15197
2.30754;-1.11493
1.29545;-1.90844
2.73237;-0.134705
1.95725;-1.1444
1.45534;-1.31687
2.59317;-1.22456
2.42596;-0.81268
1.97235;-0.201514
2.92918;-1.92296
2.4263;-0.588147
3.21185;-1.47264
1.21114;-0.921879
2.2168;-1.35071
3.4631;-0.838297
2.59881;-1.13096
1.01216;-1.67491
3.19264;-1.75391
1.52081;-0.85999
1.13923;-0.817552
3.49451;-1.52434
3.33197;-0.729851
2.56388;-0.993653
1.57184;-1.97101
2.00604;-1.99918
1.13253;-0.0541266
2.76584;-0.124494
1.59155;-0.418418
2.19203;-0.55332
1.28859;-1.0759
1.76048;-0.490076
3.24143;-1.38189
3.29376;-0.452743
2.08025;-1.74834
1.85908;-1.02441
2.79263;-1.31712
2.81407;-0.700315
3.44128;-1.29764
1.38254;-1.58951
1.91418;-0.889135
1.51413;-1.16263
2.32092;-0.176024
1.8911;-0.470023
2.75695;-0.333496
2.22082;-0.36357
1.73826;-0.414961
2.43294;-1.61625
1.25394;-1.01864
3.41376;-0.932647
2.54127;-1.38173
1.05368;-1.33288
2.62644;-0.505803
3.45851;-0.745828
1.24569;-1.72716
3.08083;-1.0721
2.72963;-1.92403
3.20659;-1.55955
3.37494;-1.52185
3.46303;-0.694494
1.18082;-1.05292
2.17742;-1.26474
1.66515;-1.91171
2.39876;-1.26473
2.33707;-0.949982
3.25328;-1.69733
3.08536;-0.154433
2.21225;-1.03056
2.6747;-1.06339
1.27951;-0.463681
2.51181;-0.111724
1.58028;-1.40684
3.45531;-1.77051
2.292;-0.135804
1.88455;-0.995975
2.46213;-1.14771
3.43888;-1.88836
2.98444;-1.51678
1.24991;-1.29343
2.52312;-0.730421
3.19573;-0.978885
2.96531;-0.575126
2.08335;-1.45795
1.49289;-1.79355
2.84832;-1.38208
3.17846;-1.3119
1.63275;-1.79301
2.60157;-1.52955
1.5456;-1.68514
1.41831;-0.855881
2.6486;-0.495653
3.49552;-0.730012
3.01998;-0.416032
3.19151;-0.184088
1.36317;-1.0283
2.35686;-1.95288
3.49102;-1.34226
2.83999;-1.1405
2.49974;-0.133697
2.33244;-1.32156
1.60528;-1.19129
2.70818;-1.00957
2.26962;-1.3522
2.8261;-0.547824
2.20333;-0.204477
1.74537;-1.71845
2.62484;-1.40729
2.93942;-1.08414
1.22085;-0.695252
1.91471;-1.53279
1.34557;-0.182742
1.64291;-1.73073
1.59375;-0.0136852
2.41097;-0.32521
3.31577;-1.80528
1.44154;-1.66315
2.25429;-0.28022
2.65909;-1.98087
1.45948;-1.21185
2.83914;-0.669751
1.72959;-1.93239
3.01475;-0.116455
1.82539;-0.836668
1.99925;-1.16301
1.5851;-0.468833
2.63025;-1.25547
2.68553;-0.181476
2.26726;-0.176574
3.25605;-1.85742
2.87277;-0.342543
1.42163;-0.14855
3.49288;-0.659261
2.96404;-0.678424
