2.77578;1.18216
8.58948;0.136024
-0.442773;4.52229
3.61857;8.43316
6.91582;9.15738
14.8173;12.5272
-0.348747;4.2451
10.6443;5.9182
5.28196;5.4711
11.576;12.7059
14.0837;6.78604
-1.02621;7.76787
3.19384;9.50079
10.978;3.30149
-0.817931;2.25499
6.98554;4.90646
2.17368;2.12061
4.12302;4.71957
6.06637;9.66954
13.9712;13.9853
3.86127;13.0022
13.1938;6.18678
1.94319;8.92551
12.6989;9.24424
-1.51841;9.28522
7.65371;13.642
0.5151;8.75206
6.99769;6.34854
3.16418;4.09763
9.7179;5.22632
5.71389;3.04989
10.3041;9.78977
4.27846;1.17527
-1.38152;11.8134
11.1687;13.6621
12.327;1.67173
13.3781;10.3112
7.54248;1.91164
4.3589;5.9635
11.5464;5.63335
-0.483701;5.106
4.40577;3.31998
14.8276;12.6852
9.74034;4.11091
1.37915;5.31855
9.33806;9.13545
8.16169;5.47001
3.98062;13.5389
6.06926;5.43455
11.785;3.49008
4.18875;9.15106
4.26792;3.76092
4.63279;13.0203
4.88811;10.699
4.05179;2.82844
0.832184;6.23255
7.63468;7.60772
9.59949;7.7925
5.64141;5.22104
12.4541;9.07576
10.7981;7.24064
3.11361;4.90804
13.4344;9.13642
3.39991;5.35593
-1.30668;1.79932
8.74159;5.66759
11.2969;0.00782988
9.4489;2.41268
13.8199;1.10107
13.9214;4.012
2.77155;1.44411
10.4398;11.864
8.99152;5.79707
4.86856;1.34476
11.3791;3.55987
10.6535;7.5577
11.1149;0.631731
13.137;9.51117
9.86133;2.91273
-0.947091;10.3391
3.72178;9.71311
0.436726;1.66244
9.804;11.4352
2.94837;8.74911
13.2226;3.18685
13.4956;2.46581
3.62332;9.00565
-1.59957;13.6828
-1.02528;5.98622
-0.752239;11.8208
9.59169;11.4481
4.53106;6.34662
12.6684;3.84427
0.255885;7.84798
6.20493;2.72489
3.08434;11.4691
13.1033;6.19382
13.9454;8.15895
2.40669;3.20663
1.53121;2.16534
5.76351;1.66916
3.62353;11.0244
10.9623;4.96091
11.0017;11.4775
11.2929;11.7348
9.29084;6.49323
9.15068;0.676859
13.5912;7.26273
3.48994;0.697631
-0.651281;11.2781
2.15592;5.29781
8.62159;1.86052
11.9541;7.87869
10.1665;1.12067
11.4607;12.9275
1.99015;3.4788
-1.27546;7.91715
-1.38891;11.2715
13.6376;11.2105
8.62378;9.82519
8.86218;4.04733
0.815226;4.12824
3.73652;1.15827
11.8319;9.24532
0.253588;12.5017
5.92133;5.27842
2.61367;1.27064
6.66871;1.29112
9.1099;3.15841
0.928606;6.23465
0.532915;5.6978
9.79491;2.68261
14.5324;10.2167
14.9443;12.493
7.01876;8.70309
8.10069;2.37254
13.4827;10.6366
5.89379;3.47462
12.3224;3.89174
13.4456;13.6508
0.906296;5.24339
3.98547;6.19291
5.90989;12.0681
7.08775;1.66336
-0.510611;9.89583
7.59045;3.31249
-0.0648805;3.61147
5.27976;1.20858
14.7914;5.94919
14.6377;7.2554
-1.20795;8.01981
9.69106;13.4027
3.65426;2.1287
1.49388;2.45134
5.31054;1.59725
0.552598;8.41387
6.30649;7.03135
-1.2632;13.3547
4.19225;8.09081
-0.763822;6.32605
2.84091;8.91604
9.70394;5.58026
13.212;1.63364
6.2436;12.3557
7.20771;6.49045
4.81347;8.2351
-1.3804;1.23903
7.27447;5.16671
2.08939;10.5151
7.25049;9.38818
12.7079;9.72019
2.61677;4.95301
1.34116;4.40882
3.23075;7.85104
13.1781;5.32571
-1.78496;2.48627
-1.70644;9.81564
7.79507;12.7693
11.9027;0.855377
11.5089;5.0321
6.91993;2.73606
14.1102;7.85609
2.82689;6.905
13.8134;7.34282
2.153;6.64085
1.31621;1.53249
0.86698;6.53304
5.87525;5.11258
11.2865;10.7932
13.7415;9.44149
0.572932;13.1407
12.4837;2.36064
8.87558;5.99429
-0.627972;6.40563
6.31745;12.2549
11.8887;0.195494
-0.796723;10.7049
7.77692;4.96602
2.38348;7.07438
12.9465;7.03004
14.6542;1.03984
8.39735;2.07627
7.19564;1.04803
6.72932;4.51475
12.3786;6.15248
14.9469;13.9601
4.42746;11.884
0.818024;0.249558
2.70936;3.45063
6.0813;10.728
0.0709683;4.09291
11.2642;2.69644
-1.0312;4.97504
7.30442;4.40775
12.6314;5.9713
11.8887;11.7646
6.51353;6.00032
14.8068;0.584026
6.5587;7.02977
4.19137;4.88955
14.007;5.05501
3.88884;4.47545
1.56881;7.17036
3.73751;6.81731
10.8969;11.3802
2.30497;12.3265
-0.211227;0.468729
-0.75787;2.27094
4.61029;8.68539
6.10984;3.49318
-1.20259;4.11648
-0.472635;7.66784
10.2847;1.09875
8.02012;3.16514
7.87034;13.3506
7.78069;7.31077
3.34972;12.9043
12.3118;7.34467
5.3764;2.51124
-1.80332;2.69567
14.8682;3.70725
-0.758799;1.36454
3.07083;2.0451
2.41451;9.61974
11.0299;10.3142
13.9228;11.3872
-1.47706;0.370757
4.13824;10.5475
-0.215603;13.3069
14.651;9.59802
13.3698;7.76729
1.53211;3.06317
6.10124;0.695018
10.6381;12.7463
1.89331;10.5698
-0.249042;3.09769
-1.66357;2.46413
3.41842;4.45303
3.47549;8.09771
-1.91163;1.23972
3.35729;13.1857
13.3327;4.84254
14.4614;3.68192
-0.312152;1.02597
1.62926;1.10259
10.9006;1.64632
8.77057;13.5328
3.71866;1.54149
-1.72338;1.11732
-1.65055;3.43406
12.1915;1.72975
5.9314;11.9642
3.09257;10.994
0.935201;8.70311
4.18276;2.49
10.0734;9.50357
0.0347902;8.56972
-1.57973;1.23217
12.877;1.7361
0.742028;1.24043
1.44698;12.8821
1.50534;11.7086
13.0753;7.59624
14.0894;12.6427
8.58075;13.5378
0.521792;6.40069
-0.460783;8.60851
3.30021;5.46147
4.80302;6.78211
-1.80016;10.6942
9.25899;10.1074
5.52583;10.9478
3.67936;6.54385
12.79;2.92876
8.05423;0.438132
3.06259;11.1186
14.1746;7.05594
8.71876;11.7352
-1.20807;8.07727
10.6017;9.36574
7.24693;12.4547
0.144951;8.88271
6.57671;6.13131
-1.58207;12.6657
13.6806;0.508755
9.36552;8.18552
10.891;1.55758
4.23334;1.29328
7.83746;3.31333
3.12675;2.38139
2.55535;8.39122
14.3929;3.07173
-0.242729;8.32725
-1.02019;2.09934
0.91978;11.1848
11.9219;10.0196
9.70505;13.2315
3.95285;2.70262
4.512;5.24653
-0.338508;4.27624
4.98856;10.7281
13.1321;2.37144
12.9184;3.59511
2.45001;6.38715
6.38882;7.88674
8.64751;10.6599
0.766101;8.26858
14.6741;3.72513
1.15207;0.53854
5.07258;5.00035
12.2355;3.28956
-0.761437;7.36279
1.0613;5.92234
10.2223;7.8839
11.5622;11.4337
12.7659;2.92415
7.91079;10.6219
4.43036;6.44754
-1.73649;8.9603
13.585;7.12545
1.45712;7.60322
2.59651;5.12501
0.272901;3.517
8.7466;4.46763
2.92458;0.674613
9.49683;1.77887
2.81364;10.488
9.10058;6.48524
0.92681;5.20707
-1.55176;13.5792
1.20664;12.5293
1.03976;10.8026
9.11215;7.79892
1.94658;9.36819
1.35048;2.08481
1.02799;5.60626
9.76404;6.279
11.0308;11.5598
9.89514;5.58141
0.461914;13.8515
5.5966;11.4954
-0.0202217;10.2202
7.69414;10.7721
1.28517;10.3937
0.403225;3.07458
10.11;4.61989
-0.0524635;12.4762
-0.272709;10.755
5.61984;4.6726
5.43534;9.03438
6.20542;8.61687
-1.22207;2.44543
-0.91216;11.3719
-1.99361;10.6919
1.58618;2.03272
10.8027;9.20935
14.4271;12.1738
4.59302;7.51157
8.86284;8.13498
2.74214;10.925
11.6116;13.8782
-0.12407;12.8134
13.0018;2.96736
9.61883;4.6296
7.27709;1.69167
14.592;0.397357
10.5175;0.304629
1.45196;11.2044
12.1787;2.84805
7.58833;0.629876
3.92666;4.43967
9.94763;4.40894
1.17351;1.26877
12.4749;11.5594
9.41885;1.82579
8.30242;6.61332
0.0691338;10.0292
4.5896;0.0584315
13.7816;0.995177
3.69261;6.63654
1.2626;4.35202
6.54117;12.9954
3.6545;9.87669
10.3855;2.33319
13.4515;4.09606
1.59801;3.60552
8.36482;12.8023
7.73184;11.1492
-1.9137;5.93496
8.57469;9.47483
7.42377;3.19292
0.535604;9.46474
14.0555;7.51488
9.56386;12.2187
8.33364;0.211209
3.8957;11.1969
3.54106;11.8892
10.3763;9.21987
7.42999;6.39207
12.0287;6.49062
10.7356;0.516131
10.2596;5.02386
14.1724;4.11059
0.638742;13.3895
10.1982;10.8817
8.76382;3.8063
-1.90946;10.9525
14.1148;13.2967
3.42463;8.79422
11.983;12.9774
8.93517;2.37073
10.3545;13.5687
-1.68439;6.36658
8.67178;8.02579
13.4926;6.34159
-1.37293;9.24678
6.32723;10.6125
-1.67136;6.17615
-1.12191;2.44373
4.75828;10.7687
14.1808;0.429967
-1.3018;13.3999
11.8215;13.846
13.4174;1.84978
8.49174;10.2121
-0.995571;3.64568
13.2792;11.0015
1.90313;12.8428
2.08978;12.0029
6.34038;2.12671
3.2754;7.38495
11.8107;11.2022
2.85411;11.6441
2.10224;4.72063
-1.89331;8.94396
-0.191541;13.4132
9.38262;2.0643
13.5589;6.75636
0.319694;11.5098
8.45031;10.5506
7.37666;9.43332
-1.76167;6.3048
5.81368;3.41061
4.2506;9.80285
-0.283639;12.0161
12.4859;5.75792
4.55843;9.30304
1.5944;9.39856
6.43586;6.33841
-1.85527;7.03504
-0.44284;1.60851
5.83006;10.6563
2.45985;5.26147
2.14394;5.58315
1.36517;12.0188
0.590972;10.4933
7.04899;2.33001
1.39766;13.8869
4.97076;7.94563
9.76613;7.1541
5.23925;7.6193
13.6789;11.3628
1.54856;1.87212
6.21022;9.86952
7.96993;6.88055
1.52696;9.49289
8.30814;9.35284
5.46687;12.1619
-1.25405;9.56184
2.54754;3.38563
7.20505;5.87877
14.853;1.03275
7.96781;2.67699
-0.883282;13.9494
10.8989;10.6094
6.62569;2.58436
3.13486;6.01553
14.9358;7.15105
7.57786;6.70851
1.66783;2.09817
14.501;5.92512
12.0749;8.07811
-0.448189;3.74025
5.57713;1.89227
14.1525;9.98502
4.40889;6.88272
0.26317;5.15682
7.61164;10.0726
7.51248;8.83512
10.1695;4.45642
4.6112;3.12549
6.54952;9.67323
9.09981;6.98793
1.42947;3.02867
14.6314;5.84484
4.22545;13.2855
12.2921;2.71791
6.94151;13.0479
5.84206;13.6036
-0.858336;5.76026
9.6433;6.2181
13.3522;11.4524
11.8124;6.55845
7.13745;5.20873
-0.307811;3.54694
9.73625;6.83809
6.10224;2.70593
1.04945;1.81345
9.77112;5.33559
3.87972;9.3903
11.5762;9.96897
8.53489;8.95038
13.4055;2.03939
7.71222;5.14504
-0.00495698;8.93849
11.2421;11.2316
-0.595567;9.54828
8.54482;12.5315
0.558166;2.20893
2.54172;3.50029
4.98928;13.4054
10.5537;12.4283
0.563745;12.8497
-1.70643;11.8052
3.08213;5.08389
6.73737;1.3657
-0.721536;1.87127
10.5267;13.7397
2.74866;4.31438
3.93151;5.55364
14.0928;1.79007
1.38205;0.409458
11.768;11.4692
13.714;13.4451
14.6091;2.68121
1.57651;5.434
0.533726;13.2837
2.68995;4.19792
12.7335;4.10407
0.432334;2.31871
9.15681;9.19858
2.47393;10.2408
11.442;0.000493071
10.1192;0.980509
3.23948;0.86531
5.93432;3.56773
1.22438;9.31936
2.82945;13.9937
6.24324;2.91816
14.3185;6.46667
4.79924;2.38414
12.4508;7.68597
0.025283;1.76297
12.4304;13.8013
5.12427;13.887
0.574319;1.055
9.03247;5.80444
11.7163;6.15542
5.04885;7.27636
6.66505;10.1198
7.88631;13.6701
14.6206;10.797
8.91574;3.66473
11.1031;1.77798
5.99351;10.2295
8.01136;12.1823
13.3166;6.14531
5.12572;0.281564
7.60291;3.75213
-1.89936;13.7753
2.41892;2.2029
-0.99174;12.7247
7.72321;12.1261
3.92583;13.8123
4.56019;12.016
10.0604;13.5442
12.1903;9.61962
10.5572;6.67552
14.131;7.13198
8.26497;5.86725
2.08185;2.69815
2.91727;1.9752
8.73849;9.91775
0.74036;2.75174
14.5991;2.33964
1.06858;3.30899
3.51595;3.3574
0.469452;12.5499
-0.19855;6.91376
13.0112;6.88605
3.98617;8.29426
5.80813;2.61587
2.75257;2.77144
9.28241;3.19823
10.0256;3.7449
9.00808;13.2649
5.8237;13.115
-0.494111;1.28651
8.96832;3.49691
2.90359;8.70261
5.08725;6.56531
12.5855;10.3791
10.049;0.0452677
8.84235;11.4063
6.45025;7.29117
3.2121;11.8888
-0.0748347;10.7225
-1.38717;5.49931
14.3856;9.79609
8.5613;9.39741
14.4426;3.76301
8.51856;5.98403
1.49472;9.90249
6.82852;11.9107
14.2707;11.3088
6.0305;5.23596
2.70427;4.62495
-0.0388565;13.7968
3.67098;10.5441
11.6037;11.6293
2.65707;1.49539
9.55765;5.42066
12.8361;10.0228
11.26;11.7119
5.06573;5.61751
6.63275;5.35982
9.39063;1.77167
11.7747;12.2585
12.1758;4.6144
10.3484;11.0736
0.335299;2.78261
0.804416;5.79729
6.9949;3.92458
4.79285;12.0778
-1.43094;2.79719
9.78712;4.30387
3.21242;5.2251
9.80835;2.51051
-0.484751;6.64449
-1.72991;7.06669
12.8896;7.33175
13.0893;7.64252
9.05416;9.77037
5.16555;6.77759
-1.53279;2.0703
2.6764;2.30795
3.89283;6.16067
7.84208;12.2605
10.2464;13.6994
10.5536;10.5539
1.03151;6.04531
-0.958446;6.78912
11.6855;10.5823
9.29241;12.5183
1.91822;9.52206
4.78173;1.48877
1.46535;4.01146
9.088;11.9572
14.7351;1.03234
3.74944;0.166592
1.7675;8.58598
1.0048;7.95556
-1.09335;10.5798
5.54806;10.8319
10.4818;2.55432
6.96846;12.7757
8.4424;8.24354
4.75726;5.87004
3.85992;0.864434
3.32865;8.05258
10.6122;9.97325
9.58593;13.2403
14.9814;4.67265
11.597;13.7665
4.92749;1.93239
14.9188;8.80764
10.7723;2.40768
1.35531;11.265
13.7705;8.97925
7.83199;9.26661
12.005;1.48272
7.76564;6.13319
9.81046;13.6071
12.5753;0.552071
-1.42743;2.39153
8.44851;10.858
13.0144;4.14601
10.2623;12.3495
8.70838;7.29589
12.7123;0.523658
9.20577;12.0492
9.33086;5.74666
-1.44526;12.0945
1.65705;13.4443
6.58954;11.1086
8.57754;4.6073
13.2895;2.7532
11.042;8.3176
0.86607;8.74372
8.77031;2.83182
11.5214;3.47432
14.6234;9.50004
7.25326;9.78817
7.53157;2.439
1.74494;5.96557
1.59751;12.3124
2.87504;12.294
2.9288;4.47158
10.6145;7.0707
2.75501;3.46219
3.07488;12.6268
7.79867;2.77065
-0.324273;4.80998
11.4643;3.7403
14.4581;5.95792
5.98043;10.689
9.45343;6.26196
5.5152;3.05257
0.48945;0.0385234
4.66834;5.1342
5.29068;8.45423
2.1851;10.0188
6.19423;7.50556
-1.4045;3.13664
-1.30026;4.40631
6.01286;4.75557
1.68307;0.668317
7.13899;4.41313
4.65222;4.61448
7.90059;5.03201
10.8379;0.725551
0.0897402;6.00463
6.48483;7.90995
8.99803;9.03765
7.65172;0.548778
-1.79133;13.9526
8.93223;3.6184
10.1081;1.7512
11.5077;10.4618
3.93523;11.7002
-0.94585;11.4867
0.982042;3.90124
12.7596;9.98203
8.09601;3.63328
-1.27567;2.46779
8.52213;11.1689
1.87763;10.3862
1.85357;10.1809
3.21682;12.2307
4.33675;12.2447
13.518;5.39035
12.8109;7.78252
8.9392;8.16865
9.57666;6.13272
3.62271;0.421555
2.65429;5.49859
12.46;6.28875
9.41408;10.0632
0.757367;3.71419
14.6314;2.86728
5.5067;8.36176
-1.95608;9.37533
3.76545;3.2097
4.7468;9.04422
-0.250904;10.7747
6.8508;0.219941
0.628975;5.48615
7.71727;11.1738
14.5808;3.53618
2.01505;4.28527
2.80582;7.13946
9.8804;1.86595
14.3057;5.18369
12.4854;1.69898
8.80457;11.6256
3.54474;1.07987
5.2704;4.60243
10.6956;10.7354
7.48615;2.01139
5.01811;9.25256
13.5259;13.0685
9.50232;0.951113
3.53067;3.47496
12.7231;4.20947
6.51353;1.43142
8.31503;10.9689
8.40749;4.27859
13.5851;7.99908
9.48991;10.764
9.77621;4.36016
8.18737;0.264309
4.60575;0.376988
3.90961;1.89523
11.4936;12.6789
2.74375;2.89201
7.63101;2.69269
0.380644;3.40392
2.42462;6.5152
6.35292;1.76871
11.0228;13.89
1.88587;5.2194
11.1858;11.771
9.53328;9.69372
5.00653;4.96027
5.84148;1.46814
9.31767;0.847291
0.103687;0.760466
-0.513375;6.59918
1.22478;12.3367
4.40905;6.56231
-0.508028;13.2095
9.23822;3.18921
1.17339;12.8988
9.78393;9.49226
-1.18944;6.42907
9.39277;3.86765
12.1446;6.24117
-0.01021;7.14646
0.349514;7.40873
12.701;8.39259
8.77906;7.42717
9.21985;10.6093
7.94213;10.4642
1.89604;10.8433
8.68672;8.48655
2.13543;10.0295
7.34516;12.6607
14.0513;10.3094
12.0365;8.92313
5.04487;12.227
-0.358035;1.18394
0.543487;13.0007
7.01621;3.73329
5.46439;9.36
11.5296;4.25388
2.55672;6.01889
12.1841;12.9925
1.1914;5.86869
9.48304;5.83671
1.29317;4.25745
-1.60747;6.11768
-1.65155;8.01927
3.80226;13.5057
3.25624;2.3378
8.23499;10.1303
-1.31418;9.78102
11.7387;2.65943
8.66349;4.73937
5.76258;0.928844
-1.87934;3.53473
4.29331;3.85196
9.60083;2.86377
1.45395;12.1818
8.60371;12.3011
2.87967;11.4445
1.10675;4.34181
2.32549;2.84546
13.0099;8.3405
0.854963;2.68974
10.9665;10.78
13.5672;11.2431
5.96691;10.1343
14.8816;1.34268
-0.939095;6.29522
0.758285;0.973057
9.93638;7.45425
3.85895;5.38358
10.529;7.66945
2.32943;5.05049
5.24989;7.58396
1.02962;8.529
12.4813;6.05715
11.8119;10.2869
-1.51715;13.7256
13.7573;11.0759
10.7568;11.7967
8.10168;3.06656
7.63048;8.22154
3.35408;8.80467
-1.3725;6.68077
9.87295;10.3467
-1.83604;0.602744
0.101082;10.453
8.0448;5.29572
-0.174272;0.242691
13.6396;3.99852
8.65134;10.8055
10.2105;6.14616
6.61209;10.4533
5.13001;6.0689
7.14267;2.37734
2.6939;1.84829
4.61045;11.7965
10.2277;9.85314
6.01576;10.5866
1.07689;2.37894
6.41904;2.66893
1.62061;8.66363
13.9338;11.2539
14.9506;0.625524
11.9601;12.839
3.61491;6.26826
9.71115;0.679715
13.0746;2.73678
11.5187;4.28619
8.69262;4.66229
6.09143;12.6713
5.9057;12.1074
10.7109;2.58041
7.66641;3.06901
13.9885;10.4945
4.61536;6.10033
13.9841;8.42963
-1.07234;12.2854
4.90139;0.723301
13.6775;3.18007
14.4685;3.53497
9.47296;9.2068
3.11783;7.86274
12.5029;1.34771
12.7523;6.74927
5.29786;4.81245
4.58207;12.5206
1.54557;1.88832
-0.663098;10.8805
4.01962;0.267984
6.95527;10.4053
5.73295;6.53835
3.87096;7.13227
3.8574;10.5184
7.53891;3.73466
14.6339;7.4179
6.82741;9.1468
1.18713;11.4843
1.65444;0.568285
13.5817;1.15846
6.88561;4.84203
5.2504;12.7381
2.08315;8.8908
-1.23936;4.46358
5.00794;5.58374
3.74547;13.1462
0.415234;11.0999
4.90264;6.82392
3.13903;10.5083
2.05855;12.0877
-1.70501;3.04081
4.68538;7.51257
12.7992;8.13031
4.06764;1.19714
8.56258;3.82891
0.860375;2.01615
8.52899;8.32652
-1.08414;12.0335
1.90674;1.38064
1.0322;8.98856
6.45675;7.22867
7.8779;8.95339
3.25609;13.8193
0.158172;8.56069
10.5406;5.11965
6.07306;10.5705
7.90913;12.154
2.95798;6.34806
5.63096;9.07993
7.16204;0.982914
13.675;9.90081
1.64172;7.57977
3.13318;3.7533
4.81616;7.44464
4.23408;8.11042
0.954605;12.0983
-0.373966;10.5679
6.5628;5.66763
10.6131;8.82904
-1.72276;6.71476
14.9377;6.87672
1.98922;8.10915
4.10875;7.36828
-1.44482;11.3151
0.972828;8.00242
12.9332;1.35705
2.73963;1.29703
8.85186;8.13055
4.13255;0.550129
-0.0872631;10.1843
8.51638;4.0084
8.05745;9.99963
-1.30015;1.33432
0.0245338;10.9636
10.3412;1.89558
2.46654;10.112
8.65208;6.96356
3.12573;13.803
-1.59704;4.6784
11.5005;2.78006
13.3981;9.41606
3.02363;2.58404
11.0088;13.0739
11.0106;1.76343
14.5435;12.2898
12.5079;8.28461
0.790659;6.23031
3.20229;2.87454
7.18562;5.9515
14.8034;3.72799
7.5286;3.51643
14.8057;2.61939
10.7257;4.06122
0.941511;10.8118
8.61239;13.5405
14.5045;7.42043
8.87583;3.72901
10.1483;5.66965
1.40357;6.71906
7.02588;2.427
4.08218;5.38079
11.0069;7.30704
12.0992;0.995842
10.3633;5.17572
6.43606;10.0197
8.81165;0.794426
14.4367;8.74374
2.14534;10.0161
13.5489;5.83623
6.29108;7.54456
4.5289;6.41985
-0.828223;0.333308
10.3236;10.9695
5.28931;12.9518
2.47893;13.436
-0.325745;8.69738
3.849;12.0904
0.433945;2.42792
13.8904;12.186
7.233;6.03359
7.96405;2.50735
6.29116;7.7418
11.662;10.2418
2.56318;10.056
0.523358;10.5859
2.37216;7.4548
1.6498;4.5656
7.45699;13.1546
-0.135996;13.7911
12.7006;5.22359
14.0615;13.4852
14.904;4.04394
12.0561;1.9254
5.85869;10.6618
-1.86473;0.0755063
1.273;8.31709
1.13633;9.52342
0.50009;13.8339
5.00066;5.81681
10.0093;7.84331
0.917534;13.4906
-0.423721;5.40839
2.92538;9.08622
3.54075;5.59126
8.77957;2.66934
11.1323;8.10441
0.616201;10.7358
12.7516;13.7301
13.3743;4.62021
10.6188;12.7726
3.70195;13.0873
6.60893;7.27858
8.45591;9.14861
6.63664;0.376001
-0.827707;3.00252
7.98059;3.36809
1.02735;9.51742
8.65716;6.54931
3.59014;13.3395
12.7421;13.4809
0.439253;8.95542
7.21079;4.16331
4.91078;5.7337
2.72771;4.35245
10.5726;0.285327
1.79472;1.04964
14.2382;10.2148
8.11284;7.9834
4.51268;1.44075
8.15071;6.3288
3.39539;2.57872
9.7748;6.93638
12.6882;4.47338
14.3755;2.69979
2.62986;11.6263
0.64803;5.82162
5.99204;9.76608
10.1246;12.2729
-0.178829;13.8783
1.18794;11.8537
-1.80125;5.75042
13.6683;13.5363
0.386314;7.23156
7.13111;7.32858
8.53066;1.87914
14.584;13.1156
3.41311;9.35427
5.3488;2.554
14.7907;5.53764
4.3796;3.64048
1.84188;7.43452
9.4897;9.74558
1.88644;5.44704
7.73674;4.70039
4.46655;10.6439
1.1014;5.48907
0.907334;1.45744
4.10227;4.35947
8.55093;12.5451
12.1926;3.36131
-1.48481;11.3454
1.00764;4.88213
6.13536;8.52883
7.02958;6.52736
-1.91928;12.6899
10.3467;3.23038
5.43681;5.62994
13.7565;9.32503
11.4506;6.99445
-1.96914;2.40238
2.41794;2.57951
7.58247;6.03258
2.90201;12.9168
10.6189;12.7259
11.9181;8.08011
0.534521;11.8862
4.58816;4.56413
1.3616;12.1253
13.8986;10.2045
3.6496;13.1594
8.80037;0.820453
0.901927;1.01885
5.83262;1.36578
10.5604;3.52738
8.15172;10.3693
5.20042;11.9985
13.7235;13.8212
2.89493;2.98575
13.4676;0.423172
0.0784896;10.2
8.32541;3.79895
7.81904;13.9288
8.15517;10.8546
12.6371;7.45605
6.57182;2.7067
6.03309;1.95357
2.28297;9.00531
1.60936;9.97754
10.5935;13.3163
14.3988;4.73133
9.76107;5.43468
1.31485;8.63439
4.38214;6.76099
12.1102;3.99392
6.72363;13.3318
-1.76451;1.68744
1.80167;8.2802
-0.0373872;11.4939
4.23517;13.6704
4.01062;12.194
0.886413;11.5654
-1.82082;5.9042
5.97873;3.11997
0.284969;2.94182
0.958319;1.38666
7.3174;12.1218
6.28305;10.403
6.204;12.0772
1.84202;4.37638
0.514948;10.3482
2.50284;2.26507
12.6147;6.83901
10.805;13.6519
3.26135;1.68012
14.177;9.2828
14.8471;1.69929
6.31568;0.0216664
7.2328;13.4189
1.81485;9.48522
0.866618;5.5779
11.2016;10.0339
2.49255;3.69322
5.81625;10.456
0.149813;9.60093
-0.98927;3.84157
5.22391;4.54058
5.4152;3.98473
11.8181;2.65191
2.41589;1.71247
3.26032;2.95886
11.3514;4.20614
3.65632;3.84347
3.13376;12.2616
1.96149;7.36944
7.40688;5.62315
13.7218;4.61873
0.0121182;2.64709
8.09308;8.09395
13.9109;10.0824
2.48664;13.9354
14.9076;9.64399
3.43518;6.03059
14.5492;1.85562
8.54303;3.26533
2.33268;13.0145
5.55794;0.563355
1.91081;10.8823
3.35115;7.44847
9.10337;7.66923
-1.00682;2.89079
14.1407;13.7653
7.1187;0.949414
0.929274;1.82146
8.98123;1.51542
12.4547;12.7382
-0.238238;11.8278
8.17843;5.92689
2.68517;8.01095
7.45019;12.5409
11.6926;11.3506
12.0316;3.50047
12.4669;0.776062
-1.53518;2.32078
7.98693;9.52675
10.1307;9.04244
13.0784;9.28238
8.69506;5.92706
10.4243;11.22
7.40892;5.27516
13.4645;5.65237
2.87343;0.186319
2.2259;12.3957
5.42318;7.33853
5.77945;13.8957
5.13927;3.68289
11.6562;3.4348
6.72264;9.16026
3.11319;7.56615
11.9413;12.4354
1.75565;7.47104
7.08022;1.51043
1.34345;2.28552
7.03124;12.9852
14.3996;1.18601
3.17332;12.241
6.30374;8.2738
13.0903;10.3185
6.09862;4.54054
2.44072;13.0761
3.38689;9.53646
1.35014;1.68257
13.7508;9.94229
11.1663;3.18212
2.26024;8.32386
-0.0358877;6.60133
0.17953;9.09533
7.84999;4.54833
11.8196;1.54925
2.29074;10.8864
1.32139;7.79394
9.08331;9.57364
0.510822;7.55477
5.15478;8.73718
12.6872;9.54923
7.4875;2.53157
4.17548;10.5722
3.11717;4.05695
5.91042;1.05697
6.79029;10.0229
9.39101;8.85657
1.18656;11.1757
2.79874;10.736
0.0935179;1.33276
12.9178;5.25763
12.8376;1.0205
13.8483;7.34661
10.8643;1.1193
-0.905461;2.48631
9.96859;12.9967
12.6146;3.66972
-0.14424;3.12123
-1.70627;5.74242
6.71637;6.75636
6.2564;0.41725
1.37481;2.18022
9.26107;5.40349
14.218;13.2257
0.597931;1.08004
-1.32184;0.424707
5.69573;12.7777
-0.24511;5.38923
5.43662;12.0393
5.90321;7.02566
-1.36171;2.36501
5.31287;12.5612
5.32789;7.55064
0.0429463;6.27663
14.1416;8.86061
13.8258;6.09244
9.26597;1.81225
8.04537;4.55168
6.76197;7.62862
2.58685;9.35521
8.57479;4.33589
9.87561;1.04632
1.78074;11.2251
5.81459;9.23783
9.2497;12.9441
0.74853;9.79011
-0.410395;8.28586
8.14087;7.34382
0.230028;10.0337
14.5391;1.12954
3.94313;12.6534
6.76955;0.172201
-1.43451;1.49464
3.73614;7.68144
9.07824;8.50129
1.68736;3.83191
13.588;12.8166
3.92356;1.95073
10.1935;11.3138
11.5861;5.30615
10.456;13.4521
-0.668831;11.5669
7.39604;9.44756
3.96306;9.57441
4.65585;4.53121
10.9977;10.3756
1.86708;3.92593
10.8081;3.65036
4.58212;1.27171
11.76;0.543831
9.86721;0.36844
3.3134;8.61017
14.0104;9.25397
10.824;9.22669
5.97512;7.74946
-1.35299;2.82559
6.7447;1.62909
-1.52337;0.93943
11.4502;5.30327
10.7668;2.55794
9.94187;7.21779
13.705;13.0191
11.5317;9.4814
1.24153;2.5643
11.0573;0.00128979
1.77415;6.52611
-1.55104;7.48387
-0.62023;13.5547
1.32452;11.6972
8.66316;9.30559
4.61378;9.31426
12.7307;12.6482
11.2884;12.5237
14.4992;8.02
2.64703;10.1014
10.8446;13.6614
2.03048;9.51151
13.3979;0.462941
4.06281;1.35009
1.67593;1.74602
-0.359045;6.13536
8.04472;1.7211
14.5376;9.40841
-0.450767;2.35708
6.62821;10.0573
12.1618;12.5522
4.52256;9.79384
11.6005;2.31487
8.09986;10.788
10.5495;12.1445
6.36571;6.9128
12.3358;10.2086
0.943805;10.4865
10.9583;7.41722
12.373;13.6988
9.12678;13.188
5.08435;3.43536
-0.896092;5.4534
13.596;2.18494
7.48416;5.94935
12.8655;5.47315
3.46621;3.61372
-0.46152;1.70198
5.199;9.58452
13.1664;2.26345
7.38523;5.37937
9.14259;5.53496
-0.0717239;11.6006
0.454673;12.2596
4.09302;13.8581
12.5209;0.181011
13.8417;3.79253
2.39131;13.9552
9.22721;2.46013
0.598757;3.05642
8.21152;0.382354
8.35733;12.9111
2.85237;9.79655
-1.25558;9.92466
4.53415;13.103
12.7998;13.1101
3.44288;7.36436
3.6404;6.07036
4.02883;6.66653
3.25776;9.9827
5.92279;2.28829
10.3417;5.57076
5.38385;13.7801
4.71011;1.32676
0.720263;7.66613
3.32243;10.6497
7.77316;12.9127
9.60951;12.0446
8.57557;10.1738
7.6769;0.0903568
9.26472;6.15732
14.0291;13.7592
14.4192;3.84547
5.07876;4.4866
10.7646;10.1595
-1.43013;3.03666
13.1152;10.633
8.45187;4.5286
10.6445;0.133394
5.11008;12.6533
7.47085;10.2385
9.29652;1.848
9.11226;4.8638
14.8695;3.86057
-0.740031;7.86177
2.79755;10.3145
-1.97682;3.15136
10.2323;13.5408
6.49615;1.90323
2.89038;3.50884
12.6476;4.49668
5.9481;10.5105
-0.628231;1.15291
-0.738239;11.5428
-0.438058;6.89445
10.381;9.08583
1.80434;5.49913
11.2768;12.2843
10.5835;10.8264
0.604436;11.4005
3.69276;6.09575
7.36821;4.70725
9.22864;3.78866
3.15831;2.24395
4.91157;8.27539
4.98552;3.7546
13.5089;12.2983
-1.67809;13.9018
14.3336;1.3042
11.897;0.737492
7.95551;7.64066
9.92832;11.3316
13.9555;6.75715
9.67645;9.50271
2.35144;11.7607
6.38252;8.2717
2.68287;0.618251
13.7601;13.1036
3.35125;3.22696
-0.363696;10.0988
11.9671;7.10033
14.822;10.2744
4.55545;0.118496
10.3568;4.84979
-0.272443;7.62072
4.78456;9.62135
-0.468325;1.4106
6.44291;0.401162
7.91798;2.56888
10.0261;11.7513
-1.59975;2.80712
5.31363;4.1861
2.15938;5.00193
1.99463;7.83228
7.99223;4.63724
2.77344;5.73125
12.2528;3.78446
0.435452;3.13617
2.73931;12.1818
7.69724;5.32565
5.04597;13.5732
-0.850072;7.06394
-0.80533;7.89998
7.06477;9.1516
10.7122;3.36897
6.38208;10.7985
5.49954;12.9259
-0.804436;9.60147
2.76948;4.27428
2.16955;12.1567
8.82114;7.36481
2.72109;6.64909
11.5384;5.89362
9.88211;1.05224
2.94878;3.77123
5.74458;9.87803
2.06115;7.32489
1.5724;4.32832
-0.51265;10.4071
14.3685;11.6937
14.7281;6.3828
8.31199;5.95215
4.44625;9.47681
-0.113468;9.23649
14.6978;4.98736
6.97745;8.66261
12.9991;11.2812
-0.407212;9.50145
1.85509;11.097
10.8152;7.25024
-0.945753;2.93159
1.79861;4.21268
10.4543;6.07024
8.37121;11.4814
1.00817;8.02091
9.14119;2.25337
-1.50977;3.66733
7.96385;5.7124
13.9607;9.75914
-0.847782;12.8952
-1.09354;8.34208
7.17737;13.0987
4.82821;8.86955
8.44301;8.79801
5.24506;5.15382
0.487164;6.83472
7.81799;5.17652
11.4147;4.34188
11.6568;5.5884
0.213928;13.7241
14.5256;10.9983
0.401199;0.0130216
-1.1917;10.183
4.95229;13.8098
5.21543;6.6743
13.4275;6.68861
-0.765819;6.26285
5.02742;6.63962
-0.624943;0.387408
-0.254304;7.09892
4.72863;3.48589
14.9194;13.6266
8.51864;10.981
2.8189;5.90917
1.12003;5.79174
4.84038;2.17875
1.38795;7.61071
0.661431;3.45573
2.60663;7.91718
1.96528;9.73581
-1.28177;1.97054
0.943946;1.60787
7.9977;8.21171
8.01481;9.3658
8.44179;9.68512
0.992872;0.140344
13.9934;2.39836
14.717;7.83342
14.2464;3.73547
14.6874;1.94884
9.56876;5.37584
3.01207;12.3173
13.7694;6.31936
0.152951;2.78025
-1.71277;5.03854
13.1981;0.828026
6.51103;0.940485
0.957874;1.24248
9.11338;10.6834
10.8815;3.75132
5.73319;13.073
2.72559;5.53952
-0.213346;3.65863
14.2386;0.850767
6.97855;13.1155
1.39953;2.92132
3.4538;6.9272
-0.495983;3.47791
14.0851;3.01162
5.5992;13.4831
7.7752;4.77422
-1.62221;1.05925
4.93929;2.74702
0.794964;0.866902
14.3084;12.91
3.60784;5.79892
12.5508;8.50988
11.7681;13.4544
12.776;10.7114
-1.62946;5.56261
9.93265;3.10476
8.30191;0.318253
10.1817;9.72253
2.60963;9.27852
13.4629;10.0543
8.6391;6.78431
-0.993904;9.07274
7.52433;6.54325
12.3526;10.1453
6.99805;11.2502
8.99574;12.0284
1.70246;7.03833
5.9393;0.387522
5.88401;4.70676
11.4772;6.79786
10.4699;6.92579
10.0246;4.75329
6.79633;5.93458
-1.42222;11.0402
-0.526956;13.21
6.61479;9.97471
5.27877;7.92308
4.12904;13.8378
-1.43373;2.86721
10.1224;7.8765
-1.85748;5.03846
5.1702;3.16646
12.6647;12.4431
2.31554;4.56951
1.82485;0.652871
11.8032;13.4192
7.20265;7.26998
3.06665;0.822695
14.0341;4.64835
12.405;0.417655
2.68511;4.95743
10.6193;9.8526
13.6406;1.43981
9.76697;13.3469
3.22995;5.67359
6.77121;4.42439
11.0075;13.1282
7.21745;8.78885
12.0509;11.1448
14.2209;0.721219
12.3258;10.7257
-1.82944;5.37635
2.85192;4.313
5.52741;3.20026
8.88164;4.06195
2.39318;12.8197
8.9521;0.0102797
8.53062;7.8999
-0.239174;4.36273
6.79963;5.75711
10.187;0.470111
10.3632;6.74837
14.5123;3.77234
-0.133379;11.1697
-0.886299;0.895568
12.4389;12.7149
12.1116;12.0314
2.9679;1.61698
0.846716;10.2903
3.84951;11.3057
-1.57233;8.43516
10.2951;9.37158
8.25517;4.79766
1.97251;9.89553
9.12332;10.5182
0.00677533;5.1967
11.343;11.8341
12.5047;10.5867
-0.0492742;13.4823
7.41843;2.52365
-1.54117;5.64725
-0.496101;11.9991
2.46688;5.32971
14.5339;6.02297
-0.0328938;4.43337
2.04196;1.97217
13.6261;13.4541
11.7746;7.31397
3.16279;0.615232
1.89725;13.4121
11.5192;4.86214
3.5964;8.12182
1.27405;2.55388
3.71747;4.30275
0.472492;12.4649
6.2892;2.41403
2.99328;8.0649
-1.49828;7.79072
14.2649;0.0293091
14.7738;1.01459
3.41897;3.14236
1.62678;3.33121
1.15278;0.330509
10.9263;6.84812
-0.8516;13.8547
5.60169;12.0792
3.72756;10.869
5.52982;7.41309
14.2992;10.9095
12.2264;1.45905
9.38319;4.54224
2.70303;13.4865
13.3087;4.28627
6.83663;12.0018
3.24034;7.09091
13.8056;8.77826
10.4261;2.0031
12.7044;12.8297
0.833673;8.75465
4.89447;3.27935
8.45418;11.938
-0.350315;13.3261
8.69424;7.55959
6.18334;8.2299
3.42679;4.45506
9.76516;13.8435
8.92529;13.562
14.1864;7.60444
2.67295;6.60724
4.80752;8.16389
14.6335;4.62254
1.5726;9.93142
6.04542;1.05161
8.63849;8.95926
9.9076;0.438905
12.8612;4.41559
13.0291;13.5972
2.54353;7.18394
6.69036;10.481
-0.283194;11.6259
-0.863412;11.1028
11.9271;9.93331
10.9502;10.7994
2.29584;0.513156
2.13666;9.14394
8.53641;3.10482
14.7164;11.6192
13.8297;6.39213
13.386;7.79735
-0.359032;8.47706
8.00116;13.59
13.6554;6.61317
14.013;2.63437
14.7536;6.34394
13.9258;1.21094
2.82051;0.0513385
12.9524;1.43924
10.1242;8.97859
12.8612;13.5224
9.52569;1.64533
8.52342;4.16878
3.76804;8.43283
0.171106;3.78639
-0.998269;0.458767
12.066;2.17634
8.85065;5.81999
0.144838;7.82847
13.0974;0.953509
10.7049;12.2303
6.86119;9.57817
14.3215;11.2673
9.69298;11.7549
13.4294;5.61416
6.17643;10.9452
4.23725;2.22527
13.2885;13.8029
5.76422;3.34067
8.00053;8.18203
6.65429;9.06068
8.4924;4.7108
11.645;3.57662
10.7874;13.0034
11.849;8.96395
14.9476;7.86794
6.73582;7.25432
2.18457;6.63541
3.49052;13.0756
3.33115;3.22813
3.69474;11.1239
-1.78953;9.82634
14.2097;12.7639
9.69266;5.74322
0.555493;3.86498
14.9092;9.23158
13.6954;8.56605
14.93;10.1627
12.7447;10.4732
9.1302;9.54777
4.60221;9.12291
2.14765;12.6313
0.886642;6.86183
4.39532;6.89884
5.20976;9.65709
10.297;10.6272
6.23405;10.3003
5.83649;6.13015
9.00648;2.08283
12.4177;11.1687
5.22233;11.7986
5.77175;4.87346
5.72854;6.34265
-0.741823;4.50735
1.41921;10.2022
-1.93306;8.25293
4.4662;3.47084
6.35946;7.70234
10.5468;12.151
-1.26999;2.27012
7.48125;10.7282
13.6611;0.58907
6.53456;5.35094
6.15905;2.09262
7.02672;4.59259
14.103;13.3816
0.903625;5.66156
3.16682;8.7559
12.5765;5.29118
14.1054;0.820029
-0.186624;13.3184
9.01717;6.81847
1.3869;1.95722
-1.36758;13.1219
-1.8686;1.12199
-0.309714;7.9163
12.3895;0.289357
8.32795;4.87861
4.84893;1.22459
6.46506;13.0741
5.06372;6.23252
13.1247;8.2084
12.4428;2.71066
1.59951;9.8983
7.71652;2.22756
11.0151;9.49521
-0.122794;5.79129
0.809472;4.33515
7.40891;2.8345
2.19782;7.85673
2.80431;4.84903
0.152961;1.80664
4.23947;10.2784
6.1178;10.7787
11.9679;13.6565
9.96405;3.32017
5.15093;8.30838
11.999;3.78309
11.3803;0.492872
14.6131;5.02088
1.30338;10.3997
-1.37332;4.26636
0.660507;2.82977
8.44469;9.93952
4.87804;12.0585
2.60973;9.62076
1.53063;5.56927
11.8761;8.04597
0.243596;4.11265
3.8585;13.3507
2.57679;0.677396
1.24314;9.65812
8.9113;0.199389
14.3215;6.00481
-1.1594;13.1226
11.3883;3.41269
9.56281;11.5418
7.32456;11.7133
-1.54882;2.28056
7.29273;6.03583
-1.58822;11.4491
0.0115765;3.24669
1.66514;13.084
11.7125;4.86602
1.88163;2.1173
3.12025;6.96576
1.39356;6.88749
1.18615;11.7805
6.6055;2.0651
2.59642;7.77914
-0.557799;0.810982
11.5901;10.71
12.9998;4.87088
8.22833;12.7243
6.6839;2.07617
3.7802;7.49056
14.4235;6.41676
11.0381;2.5436
4.67948;8.0299
6.9974;8.69739
10.3216;11.6263
0.0195367;12.9419
3.48102;4.28703
11.02;11.6007
5.7133;0.507662
4.53262;7.53982
-0.39879;2.57164
3.16051;13.6714
7.03735;12.6732
13.052;0.593967
-1.0901;3.15591
7.81692;0.274573
9.62395;4.82177
1.42207;1.07341
13.6056;10.2278
9.86454;8.99887
7.53711;11.4339
7.64236;12.3679
0.0897553;4.66314
10.1047;8.0731
4.27883;1.34835
-0.0414423;6.48945
2.75998;5.86276
5.48104;11.3625
3.50791;4.5566
12.5186;5.28525
7.36519;6.04099
4.75121;3.28517
11.1905;8.378
3.29256;9.71443
3.59274;0.129372
3.72329;12.4599
12.0412;12.6541
11.148;13.2843
2.02803;6.79629
6.93398;8.48801
7.88991;8.97032
-0.813087;12.0646
-0.988395;7.13832
9.44721;5.36901
12.201;7.38359
10.9373;5.40743
14.3013;2.21408
8.5553;10.2873
10.8618;13.0512
5.28787;1.19787
14.005;10.7151
14.5844;10.7439
9.3768;10.4855
10.177;12.6863
1.98502;3.38554
6.7117;11.4264
13.0036;8.1518
9.52481;13.189
-0.433427;4.91814
3.53467;12.985
12.9378;1.21222
3.33371;11.7263
2.16051;13.0851
7.73087;0.0183839
12.7369;0.0154318
-0.523123;11.3168
11.0299;0.873996
7.78794;6.09963
11.7937;4.0888
3.81153;0.641265
7.07599;11.9603
12.6536;5.83021
5.42185;7.5587
4.0947;7.40223
13.1504;9.57713
5.75597;10.7786
11.1014;10.7797
8.32735;0.215659
9.97869;2.51853
-1.71581;8.00105
1.07696;1.45029
4.45738;13.2645
0.822353;13.3785
4.51354;13.6838
2.21029;10.1501
-1.6053;10.9416
7.8483;12.3927
1.36583;0.222476
5.22672;7.79103
7.25857;4.42825
2.08991;0.0119738
-0.534584;0.157514
11.1042;9.71169
-1.54686;6.65652
12.851;0.607216
-1.20153;0.764191
0.498405;5.9754
-1.9652;4.3818
4.50116;5.39275
2.93677;8.8212
-0.126588;4.39062
4.99774;9.65318
1.37977;8.53471
9.99186;8.73475
0.824111;3.50036
13.9836;5.6939
2.26497;0.369814
5.10529;0.304042
10.2418;6.22459
6.45211;8.31173
6.29576;7.61812
9.02076;8.88931
14.5064;9.10458
14.1149;4.94742
-1.3961;3.33669
14.719;2.04014
7.38317;5.53147
12.199;10.5107
-1.91964;7.56896
4.36943;2.39192
11.4413;4.40841
7.81849;0.581652
3.80213;13.9372
-0.924514;0.859729
5.48221;7.84625
9.13677;12.9936
-0.221833;4.24737
7.57213;1.0579
14.2131;7.15405
5.29218;13.8493
10.7388;5.77394
0.294287;4.21806
11.728;13.5827
-1.11514;11.3716
6.68419;5.97412
14.7128;4.22101
10.6074;7.84932
3.8318;1.16076
7.4551;5.68836
0.453447;13.9484
14.4349;11.1919
13.7153;0.998981
-0.252257;6.82492
0.497639;0.791267
14.9745;8.0622
-1.2222;10.4697
14.801;2.52996
-1.16485;11.1416
0.5654;1.41648
8.3374;9.26437
6.9743;8.27666
14.3751;3.77313
0.581552;4.28804
3.99115;9.91254
10.1142;6.95438
9.97396;9.51101
3.03482;8.8029
10.7621;5.58564
-0.0233531;12.5669
5.74338;1.6068
6.04959;7.01745
12.6643;6.46522
9.59328;12.7643
2.37966;11.6601
-1.78051;12.1199
6.40827;7.57136
5.76729;6.40984
11.7755;8.52257
10.9903;2.27838
3.38549;6.67429
9.21121;0.296022
0.653577;13.3791
9.04869;12.6953
4.02859;10.7268
11.6755;11.3416
12.9765;3.89123
3.29316;10.4101
10.5757;13.9065
9.14027;13.9632
12.0451;9.35509
12.6724;4.49102
1.55355;4.47975
11.2368;0.270945
13.7885;7.59875
1.09561;3.43743
-1.66845;11.7821
2.53348;2.45834
11.5528;12.8324
-0.599166;2.12589
9.60752;12.4158
14.3534;7.89268
0.801386;3.82658
3.22476;12.6635
2.53299;13.4771
13.3324;1.29962
8.72478;10.7099
5.03149;11.7586
-0.555468;2.6915
12.6073;0.191937
10.4953;0.578896
2.40709;10.5633
13.0098;7.36283
13.812;9.52215
5.52275;0.175258
12.144;1.75434
13.2891;11.1155
9.71424;0.898072
-0.855992;13.9498
14.4676;4.67518
14.304;12.1883
5.25511;8.25901
8.80486;11.7654
5.30712;10.0877
-1.44515;4.0472
10.4825;10.7472
3.6174;13.909
6.87702;2.98708
6.83013;6.33211
13.1898;13.4671
5.90181;10.1573
-0.516845;5.09842
6.83128;10.8684
5.28145;8.21494
11.1364;5.55804
13.6523;10.245
2.54907;4.86491
3.4692;12.6444
1.19399;10.5217
8.60332;3.08728
-1.30922;5.01182
14.799;5.19497
3.97533;7.14496
7.93535;12.1927
14.365;6.69128
12.1583;5.98444
1.45895;12.8812
11.4578;10.1214
9.8389;3.07935
3.26551;6.56788
8.48826;3.22642
1.41569;12.3837
7.82519;7.31697
11.3913;10.7217
2.66122;5.76025
14.768;4.40753
11.0804;13.6434
9.66018;1.69293
6.24304;3.78455
14.8612;6.26546
10.7207;11.5455
12.8749;13.3244
10.661;9.33275
9.46983;6.17639
13.0718;13.7821
13.4752;7.0495
1.65315;1.5572
4.59743;11.0998
8.77578;2.46128
7.49752;12.7128
7.98328;7.63044
1.789;4.99359
6.83256;12.7229
6.11934;0.0622642
1.0447;6.57217
5.68366;12.9832
3;4.57762
12.945;0.544356
14.8912;7.75336
6.16091;12.3225
7.15014;5.46502
4.52311;10.5439
6.52698;10.8052
7.28162;1.89639
14.1092;1.46517
-1.26025;7.48795
9.04467;3.72956
13.1562;2.36949
0.977922;5.16805
0.952845;4.95981
12.256;8.75947
2.78798;1.85787
14.195;2.25065
0.916987;13.2475
10.1477;9.12297
12.0492;3.53941
-1.28601;2.94191
-1.89886;7.61021
14.6929;7.72698
9.54372;13.0135
9.16189;10.1158
5.89461;4.28776
14.8122;4.98298
6.0838;2.29776
10.3263;9.089
6.81276;7.89126
2.67315;11.2006
9.83822;3.18557
14.3337;12.1513
0.954394;9.45526
6.8331;0.00296686
13.7792;7.86231
1.57592;13.078
-0.211942;2.69193
6.26314;10.9791
0.0708707;1.99708
6.61524;8.20687
5.6316;6.94026
14.0162;12.9421
9.2176;9.34088
7.75205;2.49559
1.92474;11.8796
14.6311;12.9813
-0.706611;13.1474
11.5182;3.49817
8.44615;4.40693
2.25139;7.59738
12.8984;6.44602
6.10578;13.7418
9.09608;13.4803
11.0182;10.8434
-0.206048;3.81578
4.13243;7.76222
11.0609;4.24008
6.14095;5.99406
14.4912;0.735406
8.30886;2.8131
13.3182;8.18584
0.178873;13.6801
6.90471;12.927
1.85936;1.936
2.04832;6.67944
9.57626;1.60316
13.9381;2.20873
-0.366882;8.26341
0.0509555;12.0658
4.20109;3.16639
0.284768;10.157
11.2705;12.6376
-1.51781;3.63292
3.62417;13.9781
3.3044;13.1213
1.38928;2.98331
6.87298;4.58553
1.23417;0.640453
2.26519;5.84173
1.12855;6.84643
13.2043;12.1098
8.26021;11.6466
-1.61316;9.7945
5.17647;2.0076
7.54465;11.0168
4.28271;9.74187
6.71107;2.1026
8.17509;7.57093
4.96457;13.0112
7.16663;10.1039
12.7323;10.3402
13.8915;5.43964
-0.875943;1.75059
5.38297;4.43821
7.21925;8.65655
11.7028;6.11349
6.21633;5.73422
2.56586;7.08497
-0.143695;9.67015
9.04097;9.38902
6.11989;0.266557
4.23037;13.8608
0.876839;13.5104
7.02423;8.10469
13.2047;0.980708
3.11037;10.654
11.7468;3.29569
0.5423;12.2466
4.12763;8.17375
1.26008;12.6386
1.43679;13.9694
3.77041;9.59669
4.92582;8.51222
1.2563;7.23234
3.0786;11.7742
1.18308;10.8693
12.6209;7.75226
11.0294;0.40994
6.81891;4.16185
8.33919;5.78417
4.24454;12.7232
0.96066;2.46343
0.451469;4.53185
-1.13787;7.06514
13.4282;3.39476
4.92598;1.5359
2.08505;10.4559
11.5181;9.06778
4.03267;13.8142
0.792999;9.15046
12.0717;4.92148
5.30976;9.62925
13.3895;2.74994
10.1904;5.93637
6.39288;4.55381
12.2321;12.0543
1.97918;0.158732
-1.37128;5.29583
3.69571;1.22776
13.0098;3.39618
3.61305;4.06473
3.98896;7.98667
-1.36787;2.06468
1.70897;5.48866
0.281554;5.35457
-1.22393;13.4674
10.4781;6.65892
9.04593;8.94978
9.42503;5.13583
-0.923963;2.32064
9.766;12.6067
-1.54466;12.9666
13.5009;0.892758
3.17584;3.456
0.574915;2.62343
6.32051;6.74303
6.12133;11.7843
-1.11393;7.20874
14.8166;3.78416
13.4183;1.72787
9.09702;13.3365
-0.5486;5.41477
5.28016;10.2919
-1.55734;1.40428
-0.266302;1.25069
2.52311;11.1174
14.8268;4.0999
10.2449;12.6228
4.06251;0.346479
0.524263;7.11318
1.60632;8.93099
14.8254;9.65807
6.15424;0.585916
1.48112;6.56421
3.30651;1.5642
8.06895;13.5088
-0.906286;9.48735
3.97861;6.89613
5.01768;5.2881
8.07906;7.20702
5.93997;12.0253
3.25108;6.39618
0.580624;0.408439
4.09448;7.11788
-1.08331;7.09779
-1.71943;3.72483
0.463512;0.0872633
14.2507;8.74403
-1.18257;2.2497
-0.411425;5.04325
2.63116;9.60032
3.52748;4.7146
4.17788;9.4756
12.0987;10.8669
-1.07265;5.91113
2.94694;7.3025
2.77998;8.39837
14.6341;6.06167
8.69398;4.71766
14.0037;9.56172
12.3473;13.4106
14.1337;13.8442
14.3903;12.6694
8.42859;0.171049
-0.883897;9.89649
4.33165;4.73304
4.67469;9.76634
9.47213;10.5845
4.36521;7.05837
7.04814;6.00564
13.7487;11.5254
14.1599;2.90595
5.1931;13.0068
8.88926;0.730534
2.52258;8.14718
10.4977;1.53992
7.17732;9.57881
-0.319258;7.05566
8.01574;9.97239
6.77529;9.1674
5.1265;12.441
14.8791;11.3657
7.96607;9.34807
7.65377;13.4493
0.922105;1.40157
4.62385;1.37594
13.697;4.76308
3.19944;4.85066
2.57774;13.2495
4.77716;7.49438
6.98171;1.87345
8.97022;0.954496
11.9063;10.4184
7.72662;5.70052
5.7603;1.23686
-0.946101;12.2597
14.6088;0.768354
9.68799;7.88522
10.2842;3.57557
6.90619;12.5229
4.04367;12.7894
14.8771;3.90407
2.31378;4.1807
8.63074;7.32242
2.16527;0.335919
-1.00817;10.8269
0.682804;9.85111
12.306;13.6616
5.61302;5.79158
4.51118;12.6604
6.53454;6.23006
11.2601;6.70632
6.49808;6.5455
-1.28171;3.11484
10.2899;7.92605
-0.01135;1.09821
6.15453;1.53652
4.07419;10.268
4.94234;13.757
2.35982;9.14744
-1.88717;4.40725
5.25459;2.30229
-1.68628;3.7558
0.384758;6.5279
9.59324;7.32606
4.30006;2.57582
14.461;2.10838
9.27116;6.55454
8.50828;9.87367
9.7414;4.77495
2.61395;11.3071
5.13169;10.5152
13.5958;10.8754
6.23678;4.56083
10.9108;10.3737
14.6458;10.7254
-1.05173;5.68264
13.8193;1.03928
9.46096;0.991564
7.18872;4.98581
8.09998;12.7555
7.18198;7.87375
-0.951048;2.84377
-1.47993;9.51772
13.4426;10.0977
-1.64461;2.51716
6.99152;6.16583
13.825;6.24839
1.69296;5.81561
11.1255;13.6737
0.658416;10.5175
10.6274;2.97021
0.671604;9.42669
2.86866;11.6386
10.6507;11.5767
1.18677;4.73588
10.5462;10.186
13.3117;11.196
13.8219;13.0379
6.15235;11.7472
9.09324;7.00637
-1.67894;2.54039
13.9948;13.2968
8.67209;2.21345
4.2079;5.59801
0.291533;7.30167
0.568832;12.2862
10.473;4.31565
7.36565;0.281366
0.373003;4.13114
12.399;4.57864
8.7671;8.19016
-1.07147;7.47666
4.54031;13.7945
5.91058;12.0998
12.0149;1.6502
4.20039;11.8061
3.08858;4.2784
11.4821;12.9794
5.88296;2.21528
3.55825;8.37899
9.5563;6.69289
6.09344;5.78883
11.3675;0.37807
5.37095;12.9628
3.47547;3.92823
2.30029;13.3762
12.7152;4.30609
6.32138;3.50453
2.97925;13.3675
-0.0518473;1.64227
-0.764219;6.71056
14.3302;5.20829
11.3437;10.5513
3.08503;3.48081
13.5023;8.76505
12.4012;8.28352
-0.229643;4.52498
-1.91215;12.4665
3.95371;6.14255
11.8784;9.41227
10.2288;0.970684
8.67176;8.18917
4.40751;1.64141
12.1995;9.37733
-0.774901;13.2981
11.3809;2.02661
5.29618;10.468
6.78524;2.99758
6.52341;11.4226
5.86661;5.78585
5.51354;4.33818
-1.91577;7.64556
8.76241;0.141719
5.42177;13.7662
5.63089;3.54131
9.1453;2.35504
3.47885;3.96698
10.8037;9.78876
4.81019;8.23791
4.27311;6.6173
7.15081;2.18569
8.49617;13.5446
13.3652;1.8788
1.08691;5.67297
14.1517;9.02054
11.9143;5.48899
14.2213;11.5282
13.9491;8.22188
12.1706;5.2466
7.69983;3.95417
8.67103;3.16658
5.66118;13.2999
6.66218;2.85342
9.03624;12.742
11.468;0.25476
4.50766;4.62729
0.96341;0.00315471
3.06585;1.09414
0.285236;6.71404
6.21721;1.18333
0.106274;4.22593
6.10211;1.0933
0.129993;5.80688
9.3113;13.424
11.4221;3.30328
2.10208;5.84139
5.85626;9.6874
4.24299;13.6034
13.2281;0.229955
12.9908;9.63214
-1.41142;3.70463
-1.68497;2.92517
2.50231;4.43131
2.88059;5.58974
11.5336;10.7864
6.22445;12.8799
-0.770719;13.4454
14.9675;2.76646
4.37777;9.28841
0.659865;2.30576
13.2899;5.56866
7.89296;5.06156
-0.474782;13.2884
3.66462;13.7969
14.4152;3.01036
9.44953;0.00310273
6.15391;9.68846
1.55576;10.4228
-1.85456;6.94759
0.443768;11.2651
2.53415;8.78559
10.319;4.74636
7.99478;10.1183
7.12271;13.4833
4.56527;9.7033
0.1724;3.99839
-0.455476;9.93618
9.00136;2.52802
9.20132;13.7249
0.823096;8.743
1.32141;11.7539
8.62027;9.45027
7.03719;11.6744
5.13155;7.56216
3.61238;7.88556
3.8617;8.35597
1.24354;0.972333
13.91;10.9021
11.4672;6.61515
10.6109;2.4973
0.815256;12.1745
5.88762;3.59041
7.84863;1.55563
5.42952;3.33525
-0.445047;8.44333
12.6664;4.01583
5.52524;6.82435
14.3517;13.6396
3.46274;5.33914
6.74505;9.12069
14.0586;12.0291
2.22166;1.89585
13.7874;2.57899
13.5404;10.092
9.16431;9.18341
13.287;11.5126
6.93455;5.08502
-0.660651;1.4685
6.06364;7.22142
3.83312;7.9212
0.0214878;2.88199
12.495;7.86201
9.78627;11.4031
7.10916;0.205068
1.3299;0.70347
9.32413;1.96697
13.461;12.8024
2.69057;11.734
-0.322573;2.66081
7.50303;10.5756
12.3823;6.41536
7.82131;5.20208
11.9647;9.19113
6.09998;4.14102
0.92953;11.4743
12.647;4.07731
-1.56734;9.99925
12.4977;10.0626
6.9886;5.44098
10.4679;10.1446
5.46112;5.59347
12.707;4.87701
3.33787;1.97444
1.1705;5.7773
3.62852;10.437
0.857035;2.47947
1.46361;10.441
7.32759;0.352757
4.839;0.35212
3.45673;8.04468
12.3607;2.556
12.7196;12.1827
13.2457;10.0613
8.01226;5.95762
-0.175792;4.5131
0.552748;7.64674
10.2723;0.213882
13.2074;0.502465
0.657245;1.13476
5.62543;6.82357
12.0514;8.63262
9.29654;0.424162
4.16081;2.98458
-1.0566;10.7057
2.05171;5.2707
3.76835;1.16314
7.50384;2.87239
14.2057;6.38194
13.7052;7.59127
12.9837;0.435983
12.6982;0.441817
7.81474;8.21094
-1.20379;6.60648
8.58057;2.84402
7.40007;0.993173
9.73921;5.31302
9.68846;4.97062
4.96658;0.6994
7.65988;6.5141
11.8491;11.2919
12.3101;2.15553
13.124;5.61149
4.10533;11.8009
12.5634;3.96162
4.54764;10.333
3.33994;3.49654
11.0837;12.4803
12.2162;11.4305
4.17683;6.42089
-1.66666;12.828
7.00279;9.9421
3.02843;3.03986
-0.891698;9.87824
2.54053;8.86792
0.904985;1.14439
5.47977;0.177138
2.00705;4.61484
5.02905;8.32784
0.933412;3.78206
12.9229;7.80793
-1.86031;2.68706
11.7269;10.8898
-0.582463;9.01195
8.10326;6.25419
-0.260118;8.59485
4.17128;8.84691
3.50915;9.22329
12.4339;5.44967
4.19472;1.62602
-1.61436;7.49387
1.36407;6.4774
7.3148;6.07033
11.4692;13.4596
-1.51651;13.508
1.93635;12.6876
6.88361;3.35673
-0.330736;4.62039
-1.70059;2.54207
14.5536;8.5669
8.68117;1.06518
1.83927;13.8785
10.0361;7.6987
9.05216;7.79886
13.9659;0.203313
9.44449;13.466
7.34658;12.1953
5.21693;1.3682
3.17967;3.0356
-0.994769;4.66378
1.08865;4.06953
2.06957;9.85951
7.01761;4.7261
-1.41727;7.67284
6.82563;0.112235
0.719684;2.06443
-0.570278;5.40149
0.359254;11.0895
13.9074;11.0447
3.93587;12.2486
11.6583;0.313243
12.2248;4.9452
13.1889;3.65788
5.66626;2.77414
6.1278;7.14123
7.03175;9.23708
11.6131;10.7893
4.18871;4.63703
-0.15985;5.57648
12.9477;8.78358
4.90773;0.549606
11.1726;6.86613
5.22633;12.7909
2.80328;5.05129
9.94325;8.84401
2.00697;7.08363
9.11952;1.01439
12.6064;7.66578
3.67347;4.34222
10.677;11.3658
11.9442;3.87783
6.01772;8.69421
-1.18989;11.6994
14.1879;2.18257
1.97787;11.6411
11.316;8.96461
12.803;7.81417
0.22305;4.14181
6.02047;5.78639
9.16305;2.44071
-1.23451;12.493
9.56527;9.78765
14.4018;7.55317
2.19345;4.17962
12.4444;13.8933
-0.123478;9.37883
2.57929;8.1482
2.94584;4.43833
5.10067;3.40428
6.03967;9.12351
-0.730599;3.58706
2.96414;13.2361
11.8443;5.91887
2.10175;4.00631
12.2135;12.571
5.82853;12.3357
11.4348;1.97137
7.86402;10.5713
9.56551;11.5767
-1.08814;7.41992
11.928;2.29631
1.39848;1.24127
10.6826;6.8718
4.89666;2.29212
10.4781;12.3005
11.8618;11.3215
0.292042;1.50375
10.8199;13.2888
7.01318;13.9355
2.0012;5.12787
13.1865;9.74213
2.20572;9.57047
12.2235;11.5868
5.45789;7.23803
9.12721;6.89274
-1.20106;6.63368
9.15813;3.4567
7.56244;5.63356
10.5417;13.5546
7.62405;6.60458
12.3954;5.34132
2.76734;13.7426
6.31186;0.483613
13.8239;0.267679
-1.4911;2.32651
4.55174;12.9256
12.6548;8.85908
8.31664;9.78213
5.82719;0.637852
1.66734;1.60951
7.14429;3.67812
8.00958;2.71964
6.66371;2.11814
8.14317;3.46332
0.0311203;2.27889
10.2253;13.5277
7.2531;13.9939
14.114;0.465265
-1.42012;12.3018
-1.11;0.896645
-1.23709;6.1285
14.7841;12.6969
-0.800799;8.31829
8.29599;7.4335
8.87531;11.4992
8.9808;2.48673
-0.570379;3.2862
4.32202;8.31216
4.56241;13.5596
12.2988;7.07702
0.232411;7.84337
6.02007;9.45866
7.51673;5.87513
10.0505;8.31486
3.07195;10.6569
9.1854;4.80518
1.38223;9.03374
2.25255;3.77294
2.07032;11.9812
11.6078;12.3082
9.51188;6.24945
-1.03477;10.6577
9.579;6.00127
4.03483;0.939983
4.75244;2.74533
7.73493;7.39929
10.8577;0.621769
1.47037;4.42601
5.88909;12.7819
13.4711;10.6738
9.46133;7.95238
-0.204097;12.2241
1.626;4.98108
0.42498;6.33814
1.59699;13.2035
3.64195;12.4426
4.62142;5.4412
9.05037;0.988584
11.8944;0.070165
0.341831;3.00331
1.41882;9.94557
10.6317;13.4042
10.8318;13.2605
2.65097;3.06424
12.6229;2.57109
14.6819;7.48116
10.7785;1.21701
4.92781;13.5096
5.52625;7.7023
5.1008;9.16032
6.3856;10.494
7.23212;12.3587
0.349926;2.70323
14.2074;13.3777
1.36769;1.27587
0.891226;5.58889
11.626;12.7836
4.06304;7.78878
12.625;8.82331
11.1787;10.0866
11.836;10.5911
2.33224;7.91786
12.3384;9.27299
7.01903;4.00616
1.61285;13.2752
13.9879;9.88108
9.86259;6.7694
8.00547;11.7044
9.50248;7.5871
11.4569;12.246
8.76218;13.4631
2.65668;6.08441
12.871;8.828
14.846;10.2909
2.43373;10.7262
5.74407;1.0457
6.88525;9.9452
8.88432;5.12533
4.33638;2.391
9.08824;8.19349
0.0231918;8.29797
2.94768;11.4353
-0.703913;12.3144
9.09829;10.54
5.16606;6.22189
8.66873;0.764434
4.90325;12.6209
6.31646;3.93177
7.04513;6.72205
-1.72962;11.1002
2.18717;6.60014
12.7486;10.7655
1.09077;7.1095
0.29604;7.76354
9.53632;11.0223
0.376383;11.1667
4.46038;6.03158
8.44529;6.38768
3.27722;3.74177
1.55503;10.2474
10.0987;11.7137
11.3715;1.64869
10.5492;3.86069
4.77627;3.78354
10.8505;5.80313
-0.926847;0.0309923
13.0611;13.0297
11.1101;0.948609
5.45476;12.6874
8.57903;1.63972
9.79037;10.6692
13.5506;1.03003
1.27948;7.40838
7.00721;7.04669
11.5395;10.3454
1.99998;7.11381
7.78599;0.305936
8.64018;4.39366
3.05947;0.342962
7.92945;0.749358
5.46311;9.06097
-1.05243;4.54935
7.8244;11.5769
4.6761;0.229899
10.4637;0.210109
0.270246;5.97396
11.2105;0.675989
6.50484;13.58
7.81673;0.421686
6.04673;5.23452
11.0743;9.92082
12.9944;4.82611
10.4182;7.11083
9.19544;0.393379
7.05104;3.39697
-0.612392;13.5999
13.1275;1.92309
3.03836;6.54862
14.3928;9.6472
6.23106;9.76419
9.96959;8.64814
0.110612;6.73659
9.32215;8.74213
5.67017;3.40849
9.1275;12.9433
8.49508;5.93088
8.76361;6.99134
11.0621;5.09091
-1.87593;5.97677
4.65949;7.55597
9.38239;6.62702
6.68925;7.83168
8.38227;11.3051
-1.53821;8.05006
6.44206;7.15882
2.63159;2.8096
0.19416;5.5524
9.5918;11.1311
-1.64234;1.8628
-1.34481;9.45836
-1.02113;9.18258
1.24808;4.51962
1.3882;4.90869
1.13593;3.35767
1.73625;3.98143
2.75572;5.12091
3.29866;3.46953
2.30864;4.16641
1.05232;4.21137
1.26298;4.13854
1.15492;3.8308
2.79551;3.42028
2.93559;3.88017
3.46528;4.74961
2.33283;3.05423
2.17718;4.29957
2.70138;4.25423
1.70362;4.83883
2.09423;3.7388
3.49602;4.61082
2.95481;4.54154
2.74061;4.54306
3.2853;3.48334
1.57894;5.05711
2.92581;3.74088
2.13142;4.83104
2.786;3.3757
1.05831;4.07501
2.42713;3.02076
1.70979;3.22876
1.08522;4.66053
2.73674;4.5722
1.81223;5.14752
2.37617;4.67769
1.77991;4.20753
2.23694;3.20656
1.62394;3.42025
2.9882;3.36013
2.02681;3.05908
1.24686;3.3983
1.90904;4.21289
1.03334;3.17164
2.80522;3.08066
2.41665;3.64446
1.11524;4.87126
1.9923;3.17641
2.51341;3.20156
2.98706;5.04656
1.16941;3.75964
2.7321;3.8354
3.23542;3.41276
2.18404;3.31624
1.9466;3.59157
1.7686;4.7366
1.73937;3.89361
3.42603;4.4506
3.39374;5.16425
2.84346;4.49508
1.05102;3.66889
3.4313;3.14631
1.38654;3.81276
1.36673;4.67195
2.15264;5.07133
2.72558;4.1634
1.71702;3.84276
3.27136;3.39815
2.42673;3.84075
1.8118;5.08853
2.62763;4.39075
2.84673;5.08296
1.09586;4.56003
2.51541;5.19085
2.73213;3.75581
2.68856;4.56917
2.61898;4.42547
2.94942;4.76486
1.04345;5.03821
2.40547;4.05256
3.16993;3.55533
1.01813;3.34051
2.58874;5.01475
1.83938;3.45361
1.74489;4.45304
1.38879;5.08782
1.73159;4.96726
3.23953;3.72816
2.50828;4.10435
1.81706;3.65156
3.11381;3.00494
1.02356;4.08486
2.62547;4.73622
1.73832;4.46866
2.78912;4.88653
1.36502;4.28397
1.27484;3.33717
2.846;4.63995
1.17264;3.16314
3.37904;3.80743
2.83657;3.23569
1.79005;3.05998
1.00336;3.46603
1.89561;4.33024
2.78452;4.50714
3.25205;4.23053
2.71828;5.00253
1.13113;3.7425
2.74858;3.76511
1.01268;3.91318
1.51323;3.33237
3.49676;3.6935
1.76084;4.62162
1.15164;3.82147
3.02814;3.02701
2.85101;4.20094
1.29852;3.12414
2.43286;3.26565
1.67065;5.04905
2.81352;5.16055
2.54113;4.3777
2.3535;3.66828
2.34117;4.30647
2.60316;3.51898
3.35406;4.42194
2.62746;3.32321
2.99354;4.42931
2.15535;3.22386
1.96697;4.15016
2.18786;3.43569
2.33769;3.47421
2.85981;4.43986
1.67994;3.69755
2.93809;4.18852
1.62114;4.10141
2.30575;4.9028
1.31717;3.14014
1.42168;4.45934
2.64387;4.78186
3.2481;4.31818
2.14069;4.21049
2.86522;3.55812
1.49977;3.45811
1.88861;4.29073
2.82757;4.8273
2.96184;3.58543
1.11535;4.16305
3.30147;3.69986
3.11432;4.53081
3.14588;3.20721
1.49116;3.83744
3.39773;3.71133
2.11088;3.28109
3.46668;3.22418
3.34426;4.949
2.75269;3.86676
2.09032;3.98376
2.61917;4.39928
2.63849;3.00685
1.55682;3.85013
3.08425;3.01642
2.63132;4.93565
2.34031;4.26085
1.4949;3.84008
1.67234;3.12388
2.1901;4.02389
2.09241;3.95729
2.97184;4.93889
2.40724;4.70589
3.45804;4.10132
2.65329;4.50544
3.23645;3.21438
1.32864;4.19295
2.8337;4.73107
2.36341;5.10366
1.43318;3.83395
3.40919;4.81676
1.64727;4.09956
1.99729;4.00511
3.20414;4.46928
2.28294;3.78692
1.33314;5.0903
2.98206;5.02838
3.07863;3.78259
2.7435;4.79227
3.14081;3.78917
2.2474;4.65199
2.14039;4.38691
1.73289;3.4172
2.04315;4.84475
1.36462;4.29918
1.54397;3.24095
2.04084;4.04829
2.52331;4.79356
3.33341;4.08015
2.20777;3.98239
3.12168;4.356
1.99169;4.41129
2.34589;3.50189
3.49304;3.51866
1.107;4.87779
2.48617;4.19187
2.51112;3.11138
1.43043;4.97473
1.60066;4.29675
2.84032;3.84944
1.44992;5.09818
2.23908;4.31187
2.07553;3.2309
2.0289;3.79987
2.48983;4.96827
3.02529;3.97813
2.27758;3.45494
1.21525;3.10866
2.08731;3.1833
1.71286;4.05099
3.34214;4.93515
1.0487;4.19087
3.3256;3.42164
2.09728;3.37511
2.95272;3.38509
2.39154;5.11432
1.32189;3.11494
2.3934;4.22973
1.39301;5.13163
3.30637;4.6569
3.15897;4.61186
1.49435;3.82416
3.34864;3.62444
2.06002;3.82363
1.91788;4.56014
3.13025;3.66882
2.47192;4.91748
3.11329;4.14182
1.15809;3.6253
2.72379;4.85751
2.14817;3.54149
3.01345;4.29365
1.74595;3.79803
1.36748;4.00228
1.82916;3.15299
1.52179;3.42955
3.0055;3.8942
2.42468;4.63164
2.72573;5.18653
1.29008;3.12637
2.75758;5.1299
1.90363;3.64197
3.09929;3.45489
3.02704;4.9865
2.2275;4.10073
2.8682;5.09058
2.86615;4.21585
2.34572;3.09865
3.2885;4.50762
2.25105;3.54354
2.88706;4.5601
2.10579;4.22545
1.28897;3.02681
1.7467;4.77293
1.01516;3.91237
3.1583;4.56002
1.95712;3.49451
1.00226;3.48964
2.07886;4.78578
1.31379;5.0296
1.78012;4.92015
3.18202;3.12872
2.06363;3.90442
1.25837;3.74988
1.24096;4.32829
2.4698;4.87265
1.78226;3.06652
2.02057;3.94268
1.10605;4.5552
1.58592;3.10667
1.30405;3.21492
2.89396;4.10982
1.80617;4.66867
2.81757;4.65883
2.42551;4.8756
2.69139;4.94095
2.81335;4.20861
3.35189;3.33175
3.40116;3.09703
2.22912;3.12507
2.61968;3.17505
3.27013;5.11371
1.27451;3.69582
1.97317;3.33489
1.05797;4.372
1.50177;3.31858
2.80332;5.10824
2.62318;3.09635
2.79194;3.82786
2.99452;3.63136
1.57212;4.0436
1.42307;5.09921
1.05933;3.24197
1.26246;5.16524
1.38523;4.31259
1.10262;4.76432
2.6905;5.08802
2.90685;4.72921
1.66345;3.33442
3.34556;3.63485
2.93911;3.30565
2.08344;4.09334
1.24306;3.18183
2.35192;4.7908
2.14738;3.74487
1.25245;4.51316
3.03235;3.59446
2.60497;4.84068
1.95049;4.64333
3.05218;4.17544
1.859;4.89622
1.84064;3.04356
3.02754;3.2178
3.01451;3.16807
1.62752;4.63686
1.91242;3.05863
3.2074;4.75636
2.30906;5.15641
3.20249;3.14166
2.98547;3.74788
2.00742;4.96937
1.06936;3.475
1.41345;4.47341
1.13145;4.20027
2.04175;4.9216
1.19967;4.67267
2.83842;3.91547
2.95026;4.20205
2.28781;4.289
2.55696;4.68548
1.82484;5.17305
2.98195;3.46838
2.96524;3.69608
1.48271;4.4676
1.95198;5.172
1.01759;4.72427
3.2061;3.07652
3.49917;3.1052
2.76129;3.11495
2.48349;3.26668
3.31425;4.48117
3.2038;4.45436
1.22346;4.45557
1.51864;4.32992
1.61883;4.82653
1.92659;4.27043
3.04498;3.35951
2.97592;4.329
2.19954;5.1636
1.67795;4.89334
3.42681;3.61208
2.61092;4.87696
1.7825;4.41688
3.25245;3.03853
2.74072;4.08762
1.34683;4.36837
1.41909;3.04456
1.70765;3.56545
2.70469;4.07914
3.15382;5.0447
1.8019;3.51076
2.2672;3.30526
1.98895;3.65394
2.8571;4.92587
1.70175;3.03085
2.84002;3.55313
1.73059;3.83683
1.26146;4.33152
1.06103;3.01224
2.55688;4.58554
2.24985;4.67527
1.85672;4.46866
2.95434;4.37664
3.31148;4.01995
1.29066;4.72947
1.98256;3.96145
1.04572;4.97978
2.43944;3.9105
1.49287;3.70096
1.72315;4.05126
1.83159;3.05559
2.82317;4.37472
2.01411;4.83448
1.57528;3.94613
3.09854;4.8763
1.37689;3.74658
2.53588;4.08558
1.01732;3.87139
1.29798;5.04935
3.14926;3.518
2.79411;3.556
2.68119;4.61905
1.38157;3.54616
1.37449;3.7695
2.41718;3.96593
3.06905;4.97892
2.16081;4.22515
2.31095;4.91393
1.97685;4.65989
1.75007;3.50635
2.5184;3.99172
2.42378;3.48776
3.36057;4.26817
2.54449;3.13952
2.26991;4.0505
1.74718;3.49633
2.82556;5.13697
3.40384;4.94227
1.549;3.24493
1.58157;4.73024
2.37597;3.13254
2.71495;3.03237
2.54284;3.46279
3.21171;3.01733
3.41214;3.40636
1.59508;4.25887
2.58873;4.7766
2.98481;4.27538
1.95996;3.90578
2.60784;4.96229
3.22305;5.07241
1.29389;4.36278
3.28338;3.174
2.25574;3.2925
1.47606;4.61683
3.29857;4.62979
2.98792;4.33189
2.88882;3.90707
3.03942;4.40846
2.05045;4.71737
3.0623;4.44807
1.88208;4.01291
2.16439;3.32286
1.10032;4.86943
2.39619;4.50318
2.85423;3.98493
2.56317;4.89034
1.16784;4.18497
3.34584;4.25275
2.67894;3.28327
1.76089;4.30021
3.17393;3.21895
1.49102;4.37522
2.27957;3.02678
1.66327;5.05042
2.98199;3.1985
2.47555;3.32038
2.3766;3.12315
1.73096;4.29969
3.2643;4.87189
1.68508;4.4243
1.74638;4.97847
2.26664;3.80452
2.09481;3.97899
3.33781;3.2409
2.43439;3.52686
2.75126;3.97532
1.84751;4.97321
1.17107;4.87183
3.27272;3.73422
2.9571;4.54414
2.05992;3.82073
3.11878;5.14414
2.07259;3.30778
2.41344;3.73646
3.47689;4.84671
3.45542;3.63648
2.84679;4.07541
2.6375;3.38861
3.33455;4.29827
1.71535;4.11666
3.07401;5.17062
3.37726;3.37094
3.2089;3.04253
1.04861;4.74383
1.88267;4.76503
2.23633;4.70948
1.43836;3.7525
2.87911;4.32964
2.20486;3.69745
3.34785;4.03994
1.39108;5.02687
2.90503;4.96933
2.02533;3.91743
1.17947;3.75669
1.01784;3.78744
3.12881;4.84083
1.86144;4.76534
1.01338;3.5019
3.05439;3.05455
1.05196;3.38462
3.0677;4.1337
3.37966;3.00533
3.14341;4.54772
2.51702;3.74647
1.05132;4.20108
3.03002;3.38932
8.819;4.29608
7.23845;5.50952
10.9141;2.57559
7.83532;5.99268
8.95731;2.29141
10.2896;5.38561
10.4511;5.36105
7.24815;4.78815
10.4102;2.38128
10.4375;4.76855
9.39255;5.29491
9.72825;3.872
9.05894;3.20548
10.1792;4.19105
10.3393;4.47726
9.84891;3.25826
7.72334;5.18735
7.71778;2.73746
10.7129;3.6531
7.68014;3.77025
8.89451;2.06979
8.10586;3.44562
10.3808;3.45401
7.18377;4.89108
8.78529;5.72122
8.60963;2.27784
9.96613;2.43788
9.09984;3.12506
8.59336;3.37906
10.2661;3.03262
10.8063;4.21502
9.24087;2.62966
8.35237;5.05865
8.31712;3.16532
7.66175;4.09726
9.88557;4.65626
9.11705;2.09144
7.05188;3.59789
8.49544;2.33565
7.43897;5.38073
7.00687;4.1486
10.6086;5.073
9.53648;3.80841
7.14806;2.22984
10.1375;5.51417
8.21246;5.04379
8.6792;5.55333
10.6234;5.13157
9.56199;3.04057
7.24689;5.32374
10.0878;5.23246
8.93;3.30488
10.2739;4.08188
9.85276;2.86934
9.36753;5.39173
7.20008;4.4744
8.49033;5.90864
8.4974;2.12681
8.66705;3.74545
7.30665;2.90452
8.20963;3.61911
10.8983;4.98882
8.12245;5.62175
9.07039;5.78443
7.61232;4.41728
10.0582;5.80015
8.59975;3.08817
8.05502;2.97365
10.12;2.00779
8.79299;3.58758
10.3495;4.09307
7.01198;2.93985
8.95171;3.60937
8.01666;5.71876
10.3048;3.42331
7.57328;2.61445
9.99242;2.57159
10.5533;2.21487
7.14334;3.72367
10.9493;2.85566
7.09095;5.10747
7.60581;3.7907
7.14564;3.76083
9.71434;5.36569
8.71862;2.60733
7.90327;3.16814
9.6504;3.01524
9.05799;2.70211
9.57462;5.17464
7.37087;3.97944
7.54795;3.04415
9.54389;5.64037
8.56574;4.19717
10.8052;3.80908
10.8708;5.85453
9.61474;2.06179
9.91201;5.32055
8.80248;5.15765
8.03139;2.61683
9.47334;4.85001
8.17416;5.47661
6.96815;5.92456
7.44186;4.12614
7.57667;5.11647
8.25078;3.04754
8.04591;3.89873
9.04169;5.6898
8.4891;5.70743
8.83697;3.39434
8.4665;3.80781
8.19887;2.18125
8.81959;2.21088
10.4518;5.72208
10.3185;2.58319
7.2889;3.89187
10.3832;3.56306
8.31848;5.45136
8.43762;3.86034
8.5275;4.11429
7.92681;4.87828
10.1118;4.07273
7.72701;3.25352
8.71253;4.31611
7.91095;5.6495
10.6605;4.47745
8.40731;2.95932
9.6087;5.3269
8.1202;4.1605
9.99898;2.53873
9.6937;5.38788
9.3806;4.1769
7.90094;5.79908
8.57826;4.43857
8.60942;5.20576
7.50286;4.63623
9.03404;5.71469
7.65896;4.86105
7.91822;4.47149
8.12716;3.92916
9.07099;2.88761
7.35662;5.5783
8.79694;5.06532
9.8552;5.01713
8.17582;3.95418
10.5059;5.96952
8.29206;3.98646
9.09642;4.29301
8.73554;5.77468
7.68157;5.44496
9.93043;3.28443
9.03119;3.06447
7.94913;4.79015
10.8755;3.96735
8.21164;3.10268
10.8465;5.38263
8.9403;2.30313
9.91094;5.83723
10.3184;3.86614
9.80437;2.59426
10.7703;4.41023
7.51378;3.16239
7.34668;4.7102
10.4054;4.18222
9.43487;2.18697
8.57717;3.46531
8.4214;5.70837
9.47978;4.47053
9.44852;4.4553
7.38788;5.76016
10.508;2.33439
10.0928;3.54828
7.58751;4.10373
8.33551;2.00596
10.9199;2.23988
7.55022;5.79019
9.60011;3.164
7.90258;5.04679
10.8242;2.40797
8.179;4.35907
7.54494;4.85618
10.7744;4.06634
9.51454;4.35416
7.48687;3.06306
7.75945;2.97475
7.77321;2.36743
8.25914;5.966
8.86571;3.94665
9.01973;5.30122
8.9026;4.0396
10.4911;4.55282
8.77979;4.19121
10.6668;4.78236
8.18799;5.59102
10.1403;4.467
8.90009;5.78527
8.27317;3.77447
8.80162;5.88772
7.07863;4.38849
7.90077;2.93808
10.3132;3.77399
8.25551;2.67238
8.68999;5.22122
9.56903;5.80972
9.47244;2.57163
8.79932;4.06354
10.0745;5.6791
7.20475;4.84128
9.41147;3.49274
9.3823;3.6518
10.9097;2.38239
8.38707;3.28291
9.10686;5.28869
8.12063;4.28549
8.62718;4.1214
10.1736;3.04042
10.8454;2.52907
8.6628;3.63538
10.7003;2.33183
8.3951;4.27273
7.85347;5.29442
7.28627;2.02792
9.92352;2.59102
9.81921;3.43499
9.03377;3.30151
10.0368;4.0435
8.6339;2.52387
10.2764;5.84076
10.7626;2.49704
9.07625;3.48974
9.56844;3.34982
9.48016;4.51383
8.82889;2.24296
7.09921;3.62918
7.52479;3.59432
10.8519;3.47826
7.83874;2.23819
8.45619;5.86226
7.77921;2.37539
8.24725;4.91298
8.6269;2.38405
7.90648;5.3608
7.85791;2.2829
10.1516;2.72047
7.72995;3.32782
9.16021;5.39839
9.62764;2.74037
8.86222;2.55653
7.93333;4.06144
9.13571;3.55812
10.6058;4.08763
9.98639;2.54449
9.27582;2.54257
7.35675;5.15503
7.86796;3.704
9.01802;4.59486
9.03805;5.0245
8.90566;4.99596
10.2574;3.15722
10.6664;2.08735
9.43504;3.92664
10.4357;3.16267
9.61701;3.39796
8.6692;5.65034
10.4094;5.90492
8.15846;5.11515
8.94255;2.24485
10.6096;2.31837
7.73742;2.06639
10.4234;3.70538
8.72039;3.54142
7.25024;5.85844
7.51592;4.2559
9.80441;5.87332
10.3631;4.57084
10.9107;3.89816
7.44748;5.4464
10.0108;5.16449
7.79436;2.78004
9.76483;2.30375
7.63496;2.0233
10.3689;4.6775
7.21815;5.07854
9.94587;3.05557
10.0949;4.46927
9.71095;2.91531
6.96069;5.06119
7.72376;2.57661
8.26709;5.62816
7.39993;2.73022
9.149;2.41059
9.57838;4.69649
10.807;3.68922
8.81098;2.70135
9.41926;2.67581
7.9551;5.15421
7.64911;2.424
8.78172;2.96725
10.4525;2.82759
8.97282;4.64746
10.2469;2.78377
10.5128;5.30756
10.795;2.33653
10.8342;3.16205
10.9147;2.33409
8.84226;4.1637
7.69468;2.52064
7.81018;2.60167
9.15986;4.72116
8.25302;2.67912
10.347;4.30812
10.7833;2.09608
9.68212;3.66505
8.01333;4.23466
9.44264;5.08615
7.83212;3.78951
10.8199;2.4449
8.04706;5.71487
7.73143;2.98123
7.82692;2.74612
8.26532;4.76918
9.85982;4.06
10.2398;5.77
9.61167;3.49969
9.44116;5.96469
9.1288;3.88813
9.22282;4.01214
8.93421;3.00494
10.6272;5.04753
10.1896;4.16983
9.08368;2.12172
10.9093;4.00359
7.51662;3.0564
8.66846;3.34805
8.98762;4.59538
9.04417;5.35294
8.31456;3.00399
8.36294;2.65439
7.72399;2.07461
9.10407;5.26515
6.9893;2.33288
8.10328;4.31211
9.29501;5.13749
10.2671;4.0222
9.13503;4.55665
7.14203;2.31871
9.62838;2.15136
9.2723;5.24499
8.15776;2.04076
7.54304;5.24538
9.58613;4.68721
9.54832;2.00069
10.6412;2.01125
7.60508;2.46518
7.03586;4.80915
10.6803;2.12516
10.092;2.88362
9.38727;3.48704
6.97111;3.75432
10.4592;4.20613
7.26098;5.70127
9.47484;4.98935
10.8026;2.84714
9.18435;3.0604
7.83789;4.82739
7.25578;5.52403
8.4646;4.90409
10.4747;3.20579
9.86534;2.1798
8.62097;5.0012
9.93895;3.40131
10.0764;4.13098
9.23492;3.56363
10.568;4.30603
10.2679;5.12727
7.46216;5.62892
9.77855;5.037
9.56828;4.68118
10.8341;2.85263
10.6916;2.77203
10.63;2.04736
7.24606;3.19461
9.90145;5.82078
9.3504;3.8668
6.95059;2.07137
7.818;4.98954
8.42267;5.99435
8.07052;5.7576
8.50798;2.73855
9.01363;2.87593
10.8158;4.57579
7.45485;4.69437
8.5628;5.12313
8.32556;3.49693
10.9258;3.11714
9.21897;5.65577
8.1145;4.56503
7.80038;2.11595
9.33581;5.25078
8.93274;4.3864
10.2721;4.85074
8.32594;2.79482
9.79509;4.49646
7.50242;2.40307
10.185;4.61605
8.229;5.10084
8.14184;3.78385
8.74521;4.80463
7.85698;5.17076
7.25157;2.88274
7.2379;4.57054
7.48851;3.4524
8.08557;3.38889
8.51834;5.52138
7.58967;5.55109
8.85777;5.96181
9.35183;5.28371
7.70664;3.24692
8.73017;3.30906
8.59999;3.01518
10.8751;4.92899
7.06602;3.11694
7.66284;3.91123
10.8716;3.61983
8.03199;2.22314
9.45257;3.36989
9.74368;5.04108
9.77229;5.92924
7.37997;2.39063
10.4006;3.06964
10.8917;3.35839
7.98145;4.34355
7.5921;3.78809
10.5405;4.42228
10.0471;3.24046
10.3875;5.02224
7.11945;5.55348
7.08918;2.88229
8.41471;2.06076
9.45212;4.5467
7.2339;3.00469
10.8666;5.07758
6.99577;4.73888
9.95682;2.47574
10.0795;4.45744
8.49537;5.07124
10.7658;4.57683
8.36479;2.45794
7.31491;3.00526
9.83022;5.46206
9.19572;4.31768
9.4343;4.41517
8.82116;4.62349
10.2475;5.33587
9.63424;3.79958
8.83257;4.96814
9.75427;3.79917
8.99572;4.85004
7.48805;3.05254
10.2758;5.66757
10.46;2.87115
9.68881;5.32582
10.398;2.1536
10.7338;5.81289
8.10885;4.66398
10.2249;5.40457
7.93165;3.75925
8.76974;4.85281
7.33273;3.1172
9.13868;5.06698
9.86678;2.07125
8.98512;3.72105
8.82042;2.08084
7.52109;4.40847
8.08338;5.89687
9.02604;2.64337
7.71802;2.81485
10.9192;2.21599
7.91844;5.75295
6.97888;4.1273
9.36692;5.30383
8.48187;5.39857
8.01307;5.35161
9.20138;3.44581
7.4188;2.44006
7.46279;5.38558
7.46132;4.54791
8.05663;4.38173
9.57875;3.67772
7.7402;5.76213
8.52459;4.86624
7.3555;4.3426
10.6311;2.37469
9.5086;2.64952
7.07763;4.58748
9.72682;4.54455
8.84131;2.30869
8.89312;4.95438
10.6103;2.19451
7.35019;2.1291
7.58457;2.91297
13.636;11.1459
13.5957;10.6213
13.6457;12.0896
12.7243;10.3178
12.3888;13.8736
13.388;12.2573
12.6622;12.8651
12.974;10.7748
13.636;12.7596
13.5217;12.2915
11.9781;11.2536
12.9501;13.2472
11.156;12.2605
13.5813;10.6082
12.7922;10.0763
12.1409;11.9043
11.9167;10.982
12.8942;10.7498
13.3037;10.8246
11.8007;10.9234
11.5237;10.2517
13.3855;12.9144
13.3376;11.8126
13.7669;12.6315
11.4291;13.0515
11.6923;11.8763
11.2288;13.5232
11.8427;10.5131
12.3378;10.5653
11.8409;10.1732
11.4812;12.6424
12.5581;11.8638
13.7183;10.6031
12.9603;12.696
12.0707;13.6814
13.7146;12.1259
13.9498;12.8001
11.7802;13.0499
11.4595;10.7295
12.2611;11.1849
13.8358;12.6045
13.2959;10.0861
12.5958;10.1847
11.4494;13.9114
11.5625;11.7205
11.0635;11.3916
11.2721;12.1621
13.4416;13.9873
13.0739;11.8691
13.0125;10.1928
12.1629;12.3028
12.739;11.4836
11.8272;13.3589
11.4001;11.7156
11.0663;12.215
13.1753;13.8694
11.6146;11.9616
13.9667;12.9471
12.6097;10.5548
13.1439;12.8963
12.7065;12.9431
11.2159;12.6381
11.8289;13.5433
12.9691;13.8704
12.0594;11.3087
11.0474;12.963
13.7086;12.3818
11.3349;10.7144
12.3056;10.98
12.8224;11.8292
13.3963;11.3304
12.274;10.0145
13.469;11.6542
13.2212;11.4382
12.6568;11.8201
11.2509;10.4843
11.5724;10.6223
13.3418;11.8684
11.1242;11.7479
12.3041;11.5781
13.2925;11.8019
11.4058;12.6681
11.1378;10.9876
13.5369;11.9245
12.4757;11.8124
13.8153;11.1627
13.3571;11.4524
11.8828;12.4347
13.3299;10.1387
13.9047;11.3156
12.4691;10.2074
12.35;12.722
11.6223;10.9224
11.4428;10.9954
13.0027;12.3291
12.9301;11.7269
11.0983;13.1146
11.2962;10.3148
11.0767;13.7775
12.6795;12.0699
12.1924;11.993
13.4244;10.7326
13.584;10.4097
13.3755;12.552
11.4113;13.0402
13.9007;12.5072
13.4357;11.6675
11.9219;10.0773
12.9425;11.8197
11.8045;11.2602
11.1116;13.6462
13.2403;10.2799
13.0706;13.3821
11.446;12.8631
13.3697;12.834
11.6997;10.7494
11.6202;10.1655
12.1115;10.2724
11.4314;10.6493
13.1183;11.1236
13.7672;12.6919
13.7231;12.9371
11.2696;10.8601
13.2609;12.9494
13.0098;10.0872
11.1572;12.8286
13.8001;13.1967
13.3313;12.4943
12.9341;13.7031
12.018;11.7384
12.9028;12.2904
12.8658;13.364
12.8419;13.9698
13.7273;13.0311
11.4643;12.4607
11.116;10.3086
11.8645;13.7856
13.4343;11.5122
11.4843;12.2602
11.3462;13.3255
12.7605;10.6712
12.6155;12.0808
13.901;11.2625
11.4313;12.4468
11.7242;11.9325
11.1389;13.5026
11.1671;12.6729
13.15;12.6787
12.982;12.5031
12.2824;13.2617
11.7229;11.8645
13.6777;12.1165
12.2376;12.8161
13.7215;12.2958
11.8072;10.0903
12.216;13.4237
11.5711;13.7754
12.1284;10.6295
11.7784;12.0796
13.3072;12.0035
11.0091;13.2614
12.1296;10.2349
12.4507;10.3728
13.1852;10.577
13.1569;10.6234
13.879;13.8397
12.866;13.409
12.4672;10.1381
12.6688;11.5849
12.8254;13.3014
12.2564;10.0552
13.0438;12.4367
13.8729;10.2296
13.2996;10.8684
12.7319;12.1424
13.1539;12.3213
12.0529;10.378
12.9171;13.3381
11.5631;11.4698
13.9363;13.6267
12.5699;13.7538
13.5998;10.5812
13.3721;11.4226
11.5395;11.3879
13.2557;13.1532
11.517;10.6827
13.4063;13.4143
13.3395;13.039
13.7329;12.1855
13.9305;11.9531
11.2459;12.7793
11.2058;11.7317
13.368;12.8305
11.8024;13.9081
11.2252;10.9849
13.6511;12.3935
11.554;13.0012
13.2311;13.9015
11.3179;13.694
11.9671;13.4314
13.1354;11.9787
11.0856;12.0556
12.0448;13.2335
11.8209;11.037
12.0643;11.0019
13.2425;11.7469
13.8359;13.2644
13.609;12.9385
12.5712;10.5485
13.135;12.3952
12.1501;12.3815
11.5915;12.2722
12.037;13.7635
12.6303;11.8066
13.5931;13.4631
11.9285;12.3047
12.0814;11.3521
11.2702;12.8349
11.4392;11.4548
13.9039;12.0046
12.8426;12.8619
13.8137;12.238
12.5947;13.2302
11.8824;10.2212
13.834;10.0232
12.9623;11.3121
12.8035;13.4051
13.6882;13.7874
13.3764;11.758
12.1955;12.626
11.9158;12.832
11.698;12.6629
11.138;11.2909
12.1234;10.7697
13.0593;11.3697
13.0807;11.2025
11.1737;12.5259
13.5803;12.3578
12.317;10.617
12.9342;11.5347
11.4801;11.1953
13.1351;13.0448
11.4503;12.4311
13.1241;13.7689
11.1418;10.4262
12.7962;11.4102
13.4436;13.3256
11.0548;13.4422
11.4624;11.5709
11.1589;13.3623
13.2054;12.9861
11.4236;13.1721
12.134;10.0053
12.1474;13.2681
11.4667;10.1089
11.6021;11.2624
11.9781;13.6497
11.2304;11.9046
12.5606;13.1394
12.2551;12.2699
13.6741;10.0684
13.76;12.8236
13.5455;13.7531
12.6993;10.0106
11.993;12.4776
13.5297;10.2645
12.0978;13.9377
13.5775;12.9758
13.9572;10.9665
12.6829;10.5652
11.8065;13.0467
12.3707;12.3796
13.0222;12.1347
11.2131;10.7771
11.9556;11.9576
13.2852;10.8396
12.5195;12.727
13.7474;11.4201
12.8601;11.929
12.073;13.8041
11.305;10.8036
11.0515;11.8704
11.556;13.5053
11.6347;10.6843
11.3539;13.0901
11.9371;11.5472
12.6025;13.0771
13.9451;10.833
11.9089;10.2109
12.2076;12.4859
12.6264;10.6571
13.4941;10.1945
13.5381;12.9887
12.2109;11.8643
11.6883;13.0453
12.2513;11.3244
13.8866;11.7371
13.3961;10.5902
11.9318;10.041
11.9559;11.7143
13.3483;12.524
13.4461;11.2678
12.2008;13.1883
12.5756;12.8129
13.5494;13.7109
11.9741;11.5677
11.276;10.6243
12.3217;13.7522
13.7098;13.3768
12.2123;10.5307
12.8165;13.2849
12.3913;12.2709
11.7665;11.0499
13.1458;12.2644
11.8182;10.1356
13.984;10.222
12.9947;13.2402
12.1173;10.2607
12.8214;13.5906
13.3052;11.8277
13.4761;10.3724
13.5465;13.6695
11.7475;11.1576
13.5663;10.6097
11.4008;11.0382
11.8553;12.9564
11.2423;12.9956
11.9205;11.345
11.0341;10.0884
13.7071;11.1364
11.168;13.5881
12.0188;12.8836
13.1212;12.8482
13.3582;11.2567
12.8291;12.2179
13.3133;11.7402
12.9427;12.4798
12.0573;13.587
13.728;10.8315
11.1475;10.1717
12.4023;11.3371
13.346;12.1927
11.2495;10.3553
13.6533;10.3782
11.3328;13.1472
12.136;10.6676
13.0515;12.873
13.6634;11.5636
12.2909;12.6955
13.1152;10.16
11.685;11.9047
12.4251;13.5036
11.2884;13.31
13.3179;10.0218
11.1061;13.2872
11.1451;12.0111
11.4683;13.3215
11.1529;10.957
13.7576;13.7416
12.0014;10.1205
13.1666;12.8498
11.5911;11.6241
12.2922;10.3393
13.3907;13.4441
13.2761;12.0079
13.7031;13.9481
13.9345;11.5043
13.5888;10.2971
11.6107;12.5423
11.2392;10.9557
12.3722;10.5124
13.2251;12.4539
13.8754;13.1707
13.5582;13.5107
13.1843;10.7462
13.7234;11.8012
13.697;10.4194
13.5689;11.3189
11.569;12.6129
11.5723;13.7935
11.4656;10.3671
13.8062;10.5335
12.4035;13.1934
11.6229;12.6856
12.3018;11.1495
13.731;13.5653
12.2464;12.6082
12.5144;11.4957
12.3342;11.4301
11.7549;10.6913
12.6322;10.6377
12.8693;11.7723
11.7928;11.9177
13.3184;11.8158
11.3979;13.8542
12.207;11.1514
11.166;11.351
12.2636;12.0927
11.4083;12.5154
11.5837;12.2801
13.7487;10.4197
12.3841;11.3267
13.2709;13.8646
13.1169;10.8067
11.971;13.8289
12.1235;13.471
11.35;13.9904
11.9325;11.5238
12.4311;10.3346
13.5047;12.4386
11.1416;10.949
13.6925;10.4101
12.725;11.2748
12.8771;12.8444
13.8426;13.2812
11.8434;13.4551
13.7756;12.9699
11.5863;12.7286
13.1259;13.6043
13.6515;10.1292
13.5749;11.0334
13.7002;13.8999
11.7678;10.8436
12.0677;12.9318
11.8836;10.7632
12.0279;11.3669
12.2842;10.9604
12.3328;10.0122
12.6764;10.2799
13.1424;12.0254
13.6708;13.9811
12.1103;13.2618
13.2133;12.2622
12.4929;11.7856
12.3999;11.5258
12.4361;11.2997
12.9194;11.5151
11.8997;13.583
12.769;12.6232
12.8861;13.5368
13.5399;13.8853
11.6778;11.0987
11.6343;12.6808
11.8332;13.081
13.2205;13.9675
11.8298;12.5218
13.9614;12.5868
12.3377;12.8996
11.6368;13.7741
11.5139;12.7156
11.9749;12.6
11.0115;13.8591
11.0863;11.2149
13.5816;12.4738
13.8786;11.9569
12.5079;13.2247
12.3816;12.9144
11.2425;12.6879
12.1964;11.4342
12.3266;10.5559
12.0512;12.8752
13.3082;11.3502
12.0965;10.8613
11.1874;12.3111
11.4765;10.935
11.77;11.9353
13.6513;11.042
12.3458;13.6501
12.6927;11.2365
12.5929;12.0951
13.3951;10.1345
11.9898;11.0356
13.2866;11.6431
13.7926;10.644
13.308;11.4923
11.8999;10.479
11.2757;10.2775
12.3719;11.8296
11.8541;12.079
11.1055;11.7741
13.2605;11.1674
13.7821;12.5491
12.6571;11.5038
12.6494;10.4664
13.0552;10.323
12.9211;11.9337
11.3431;13.8813
13.227;13.5063
12.1433;12.6928
11.1127;10.6017
11.1388;11.3501
11.8105;10.5527
12.2207;12.9098
12.7867;12.7664
11.7416;12.523
11.4054;10.0028
13.7678;10.25
12.9139;11.8998
12.3153;10.751
12.7746;10.4941
